"OPEN 6.1.4"
"Sun Jun  8 2014 02:18:35"
<open><version>"6.1.4"</version></open>
<open><configfile>"/User/Configs/UserPrefs/LED2x3.xml"</configfile></open>
<open><light><source>"6400-02 or -02B LED Source"</source><par_in>1 <sensor>"SI-3189"<cal>-0.96<actinity>1.00</actinity><transm>1.00</transm></cal></sensor><transm>1 </transm></par_in><par_out>1 <sensor>"Q45427"<cal>6.49 </cal></sensor></par_out></light></open>
<open><comps><file>"/User/Configs/Comps/StdComps_6.1"<header>""</header><extras></extras></file><energybal>no<f_parIn>1 </f_parIn><f_parOut>0 </f_parOut><alphaK>0.16</alphaK></energybal><bc_total>2.840<stomatal_ratio>1</stomatal_ratio><bc_oneside>1.420<type>2 </type><table>"/Sys/Lib/StdBLCTable"</table><area>6</area><slope>-0.219565 </slope><offset>2.73739 </offset><fan>5 </fan></bc_oneside></bc_total></comps></open>
<open><prompts><onlog>off</onlog><items>"Default (none)"</items></prompts></open>
<open><constants><oxygen>21 %</oxygen><bb_vapor>1.5 </bb_vapor><bb_oxy>0.9 </bb_oxy></constants></open>
<open><stability><items>"Std Stability"<items[1]><id>-2 </id><size>15 </size><pcv><onoff>0 </onoff><value>1 </value></pcv><std><onoff>0 </onoff><value>1 </value></std><slp><onoff>1 </onoff><value>1 </value></slp></items[1]><items[2]><id>-5 </id><size>15 </size><pcv><onoff>0 </onoff><value>1 </value></pcv><std><onoff>0 </onoff><value>1 </value></std><slp><onoff>1 </onoff><value>1 </value></slp></items[2]><items[3]><id>-7 </id><size>15 </size><pcv><onoff>0 </onoff><value>1 </value></pcv><std><onoff>0 </onoff><value>1 </value></std><slp><onoff>1 </onoff><value>1 </value></slp></items[3]></items></stability></open>
<open><log><format>"StdLogFmt_6.0"<items>{ -35  -21  -36  -76  30  23  36  21  25  221  -33  111  -34  11  -9  -10  -8  -1  -2  -4  -5  -14  -15  -7  -12  -13  -11  -65  -66  -72  -18  -19  -77  -78  -79  -23   }<hdr>{  }</hdr></items></format><options><beep>on</beep><hdr>normal</hdr><rem>normal</rem><stab>no</stab><stats>no<period>15 </period></stats><excel>yes</excel><comm>no</comm></options><datafile>"/User/06-08-14-ims-princess-25tree-aci"</datafile><button><action>"Normal Log"<code>" LogOneObsManual "</code></action></button><autoprog>"/User/Configs/AutoProgs/AutoLog"<active>no</active></autoprog></log></open>
<open><a2d><avgtime>4.0 secs</avgtime><userchans><ch20>"Off"</ch20><ch21>"Off"</ch21><ch22>"Off"</ch22><ch23>"Off"</ch23></userchans></a2d></open>
<open><matching><type>0 </type><disp>'a'</disp><settings><CO2Limit>10.0</CO2Limit><H2OLimit>1.0</H2OLimit><MaxAutoTime>60 </MaxAutoTime></settings></matching></open>
<li6400><factory><unit>"PSC-3242"</unit><serviced>"19 Mar 2013"</serviced><fuseaware>0 </fuseaware><co2mixer>yes</co2mixer><co2><coeffs>{ 0  0.220857  2.2637e-05  2.40519e-08  -4.58604e-12  4.47458e-16   }</coeffs><dvdt>-3.9 </dvdt><xs>{ -1e-04  1e-04   }</xs></co2><h2o><coeffs>{ 0  0.00582914  2.18834e-06  3.83367e-12   }</coeffs><dvdt>-1.4 </dvdt><xs>{ -0.0032  0.001   }</xs></h2o><flow>{ 0  0.3684   }</flow><press>{ 87.751  0.00549   }</press></factory></li6400>
<li6400><user><flow_zero>194.8</flow_zero><irga_zero><co2>155.8 116.8<at>26.1548 </at></co2><h2o>38.8 77.8<at>26.1548 </at></h2o></irga_zero><irga_span><co2>{ 0.99019  0.994959   }</co2><h2o>{ 0.997124  1.00069   }</h2o></irga_span><irga_match><co2>{ -0.57562  -4.11467   }</co2><h2o>{ 0.028591  -0.00664127   }</h2o></irga_match><co2_mixer><pump_mv>4500 </pump_mv><ppm>{ 2505.59  1152.16  444.025  267.07  120.387  69.4732  45.3273  43.6711   }</ppm><mv>{ 5000  3000  1500  1000  500  300  200  100   }</mv></co2_mixer><parin_offset>0 </parin_offset><led_cal><unit>"SI-3189"</unit><mv>{ 10  25  50  100  1000  2000  3000  4000  5000   }</mv><qntm>{ 4.48186  15.8904  37.8953  82.3584  940.14  1838.77  2675.76  3469.24  4209.63   }</qntm></led_cal><lcf_cal><unit>"unknown"</unit><red><mv>{ 50  100  500  1000  1500  5000   }</mv><qntm>{ 50  100  500  1000  2000  5000   }</qntm></red><blue><mv>{ 100  200  500  1000  2000  5000   }</mv><qntm>{ 10  20  50  100  200  500   }</qntm></blue></lcf_cal></user></li6400>
"02:18:49 setup good"
$STARTOFDATA$
"Obs"	"HHMMSS"	"FTime"	"EBal?"	"Photo"	"Cond"	"Ci"	"Trmmol"	"VpdL"	"CTleaf"	"Area"	"BLC_1"	"StmRat"	"BLCond"	"Tair"	"Tleaf"	"TBlk"	"CO2R"	"CO2S"	"H2OR"	"H2OS"	"RH_R"	"RH_S"	"Flow"	"PARi"	"PARo"	"Press"	"CsMch"	"HsMch"	"StableF"	"BLCslope"	"BLCoffst"	"f_parin"	"f_parout"	"alphaK"	"Status"
"11:44:16 b12"
"11:44:30 Launched AutoProg /User/Configs/AutoProgs/A-CiCurve"
1	"11:46:09"	34095.0	0	11.6	0.0994	168	5.01	4.43	33.03	6	1.42	1	2.84	28.66	33.03	26.84	400.17	383.91	1.145	7.117	2.55	15.87	499.3	1800	2006	87.9	-2.2	-0.0504	1.0	-0.22	2.74	1.00	0.00	0.16	111115
2	"11:47:30"	34176.0	0	8.15	0.0944	129	4.99	4.64	33.74	6	1.42	1	2.84	28.70	33.74	26.86	301.13	289.61	1.203	7.154	2.68	15.91	499.4	1801	2006	87.9	-1.95	-0.0506	0.7	-0.22	2.74	1.00	0.00	0.16	111115
3	"11:48:48"	34254.0	0	4.35	0.0927	102	4.88	4.62	33.66	6	1.42	1	2.84	28.58	33.66	26.70	198.60	192.24	1.251	7.076	2.80	15.85	499.5	1799	2011	87.9	-1.79	-0.0501	1.0	-0.22	2.74	1.00	0.00	0.16	111115
4	"11:50:07"	34332.5	0	0.703	0.0913	79	4.86	4.66	33.81	6	1.42	1	2.84	28.57	33.81	26.69	100.92	99.49	1.300	7.094	2.91	15.90	499.4	1800	2006	87.9	-1.83	-0.0523	1.0	-0.22	2.74	1.00	0.00	0.16	111115
5	"11:51:22"	34408.0	0	-1.01	0.0931	63.6	4.79	4.52	33.30	6	1.42	1	2.84	28.42	33.30	26.51	49.61	50.54	1.336	7.053	3.02	15.94	499.4	1801	2007	87.9	-2.02	-0.0529	1.0	-0.22	2.74	1.00	0.00	0.16	111115
6	"11:53:12"	34518.0	0	11.7	0.0913	152	4.73	4.54	33.38	6	1.42	1	2.84	28.29	33.38	26.42	400.33	384.15	1.403	7.044	3.20	16.04	499.3	1800	2005	87.9	-2.16	-0.0513	1.0	-0.22	2.74	1.00	0.00	0.16	111115
7	"11:54:11"	34576.5	0	11.5	0.0923	156	4.77	4.53	33.37	6	1.42	1	2.84	28.31	33.37	26.41	400.28	384.25	1.433	7.118	3.26	16.20	499.4	1800	2005	87.9	-2.07	-0.0507	1.0	-0.22	2.74	1.00	0.00	0.16	111115
8	"11:56:17"	34703.0	0	18	0.0878	205	4.6	4.59	33.52	6	1.42	1	2.84	28.10	33.52	26.20	600.45	575.66	1.499	6.982	3.45	16.08	499.4	1799	2002	87.9	-3.22	-0.0445	1.0	-0.22	2.74	1.00	0.00	0.16	111115
9	"11:57:56"	34801.5	0	24	0.0874	272	4.52	4.53	33.32	6	1.42	1	2.84	28.05	33.32	26.16	800.93	767.89	1.543	6.934	3.56	16.02	499.4	1799	2009	87.9	-4.76	-0.0426	1.0	-0.22	2.74	1.00	0.00	0.16	111115
10	"12:00:06"	34932.0	0	30.6	0.0842	492	4.3	4.48	33.06	6	1.42	1	2.84	27.83	33.06	25.93	1200.44	1157.69	1.612	6.746	3.77	15.78	499.3	1801	2012	87.89	-8.57	-0.0378	0.7	-0.22	2.74	1.00	0.00	0.16	111115
11	"12:02:09"	35054.5	0	32.1	0.0835	826	4.16	4.36	32.63	6	1.42	1	2.84	27.76	32.63	25.90	1599.32	1553.01	1.672	6.637	3.93	15.59	499.4	1799	2009	87.89	-14.3	-0.0278	1.0	-0.22	2.74	1.00	0.00	0.16	111115
12	"12:03:58"	35163.5	0	33	0.0825	1.17E+03	4.16	4.41	32.82	6	1.42	1	2.84	27.86	32.82	25.99	1998.72	1949.38	1.743	6.705	4.07	15.65	499.4	1801	2013	87.88	-20.8	-0.0336	0.3	-0.22	2.74	1.00	0.00	0.16	111115
"12:05:33 Warning! Large Deltas in match: CO2=-18.3, H2O=0.00"
13	"12:05:52"	35278.0	0	9.93	0.0813	162	4.15	4.47	33.05	6	1.42	1	2.84	28.05	33.05	26.21	398.72	384.87	1.813	6.769	4.19	15.63	499.5	1800	2012	87.88	-2.57	-0.0364	1.0	-0.22	2.74	1.00	0.00	0.16	111115
"12:09:54 h8"
"12:09:59 Launched AutoProg /User/Configs/AutoProgs/A-CiCurve"
14	"12:11:02"	35587.5	0	15.7	0.438	293	12.6	2.83	30.23	6	1.42	1	2.84	28.83	30.23	26.97	399.83	375.24	2.032	16.954	4.48	37.42	499.3	1801	1937	87.88	-2.41	-0.314	1.0	-0.22	2.74	1.00	0.00	0.16	111115
15	"12:12:23"	35669.0	0	11.4	0.422	220	12.3	2.85	30.23	6	1.42	1	2.84	28.81	30.23	26.95	299.46	281.60	2.114	16.675	4.67	36.83	499.4	1799	1939	87.89	-2.33	-0.297	1.0	-0.22	2.74	1.00	0.00	0.16	111115
16	"12:13:34"	35740.0	0	6.41	0.395	151	12.1	2.96	30.56	6	1.42	1	2.84	28.78	30.56	26.91	199.51	189.06	2.182	16.438	4.83	36.38	499.3	1800	1957	87.88	-2.28	-0.29	1.0	-0.22	2.74	1.00	0.00	0.16	111115
17	"12:15:00"	35826.0	0	1.05	0.378	87.3	11.7	2.98	30.53	6	1.42	1	2.84	28.64	30.53	26.78	99.92	97.29	2.262	16.085	5.05	35.89	499.4	1800	1951	87.88	-2.38	-0.278	1.0	-0.22	2.74	1.00	0.00	0.16	111115
18	"12:16:17"	35903.0	0	-1.81	0.368	56.7	11.5	3.01	30.63	6	1.42	1	2.84	28.66	30.63	26.82	49.48	50.95	2.341	15.995	5.22	35.64	499.4	1799	1948	87.88	-2.52	-0.281	1.0	-0.22	2.74	1.00	0.00	0.16	111115
19	"12:18:20"	36026.0	0	15.7	0.37	282	11.3	2.94	30.31	6	1.42	1	2.84	28.71	30.31	26.87	399.97	375.93	2.481	15.887	5.51	35.31	499.4	1802	1943	87.88	-2.65	-0.268	1.0	-0.22	2.74	1.00	0.00	0.16	111115
20	"12:19:21"	36087.0	0	15.9	0.364	280	11.2	2.96	30.39	6	1.42	1	2.84	28.69	30.39	26.87	400.13	375.91	2.548	15.841	5.67	35.24	499.4	1799	1947	87.88	-2.7	-0.266	1.0	-0.22	2.74	1.00	0.00	0.16	111115
21	"12:21:29"	36214.5	0	23.4	0.343	417	11	3.06	30.74	6	1.42	1	2.84	28.64	30.74	26.83	601.12	565.55	2.693	15.730	6.01	35.08	499.4	1800	1947	87.87	-3.57	-0.256	1.0	-0.22	2.74	1.00	0.00	0.16	111115
22	"12:23:30"	36336.0	0	28.6	0.333	567	10.9	3.12	30.97	6	1.42	1	2.84	28.75	30.97	26.94	800.61	756.24	2.840	15.784	6.30	34.99	499.4	1800	1947	87.87	-4.99	-0.256	1.0	-0.22	2.74	1.00	0.00	0.16	111115
23	"12:25:19"	36444.5	0	33	0.332	910	11	3.15	31.20	6	1.42	1	2.84	29.01	31.20	27.21	1199.85	1145.01	2.991	16.038	6.53	35.02	499.4	1799	1949	87.87	-8.45	-0.258	0.7	-0.22	2.74	1.00	0.00	0.16	111115
24	"12:27:28"	36574.0	0	34.7	0.32	1.26E+03	10.9	3.22	31.47	6	1.42	1	2.84	29.12	31.47	27.30	1599.90	1537.98	3.171	16.073	6.88	34.88	499.3	1800	1942	87.87	-13.6	-0.26	1.0	-0.22	2.74	1.00	0.00	0.16	111115
25	"12:29:39"	36705.0	0	36.9	0.315	1.62E+03	10.7	3.2	31.33	6	1.42	1	2.84	29.12	31.33	27.31	1999.53	1930.46	3.348	15.962	7.26	34.64	499.4	1799	1939	87.87	-20	-0.249	1.0	-0.22	2.74	1.00	0.00	0.16	111115
"12:31:28 Warning! Large Deltas in match: CO2=-17.9, H2O=0.01"
26	"12:31:48"	36834.0	0	13.7	0.3	279	10.6	3.3	31.73	6	1.42	1	2.84	29.18	31.73	27.35	400.03	378.77	3.500	15.989	7.56	34.56	499.3	1798	1942	87.87	-2.07	-0.258	0.7	-0.22	2.74	1.00	0.00	0.16	111115
"12:37:28 a3"
"12:37:31 Launched AutoProg /User/Configs/AutoProgs/A-CiCurve"
27	"12:38:33"	37238.5	0	10.9	0.108	194	5.4	4.39	33.74	6	1.42	1	2.84	29.79	33.74	27.96	399.83	384.20	3.550	9.977	7.41	20.82	499.3	1801	1235	87.87	-1.53	-0.087	1.0	-0.22	2.74	1.00	0.00	0.16	111115
28	"12:39:52"	37318.0	0	7.92	0.107	150	5.41	4.44	33.95	6	1.42	1	2.84	30.02	33.95	28.23	301.72	290.32	3.730	10.164	7.68	20.93	499.4	1800	1242	87.86	-1.19	-0.0934	0.7	-0.22	2.74	1.00	0.00	0.16	111115
29	"12:41:15"	37401.0	0	4.09	0.107	117	5.46	4.5	34.25	6	1.42	1	2.84	30.25	34.25	28.39	199.43	193.24	3.893	10.386	7.92	21.12	499.4	1799	1251	87.86	-1.14	-0.0902	1.0	-0.22	2.74	1.00	0.00	0.16	111115
30	"12:42:41"	37487.0	0	0.592	0.105	81.1	5.42	4.54	34.41	6	1.42	1	2.84	30.37	34.41	28.51	99.42	98.07	4.048	10.494	8.17	21.18	499.4	1799	1261	87.86	-1.24	-0.0915	1.0	-0.22	2.74	1.00	0.00	0.16	111115
31	"12:44:00"	37566.0	0	-1.22	0.105	65.7	5.45	4.57	34.53	6	1.42	1	2.84	30.56	34.53	28.69	50.32	51.45	4.181	10.662	8.35	21.29	499.5	1801	1269	87.87	-1.42	-0.0975	1.0	-0.22	2.74	1.00	0.00	0.16	111115
32	"12:45:57"	37683.0	0	11.3	0.104	180	5.42	4.59	34.63	6	1.42	1	2.84	30.65	34.63	28.78	400.83	384.70	4.350	10.789	8.64	21.43	499.3	1800	1286	87.86	-0.918	-0.0925	1.0	-0.22	2.74	1.00	0.00	0.16	111115
33	"12:46:57"	37743.0	0	11.4	0.104	178	5.45	4.62	34.76	6	1.42	1	2.84	30.79	34.76	28.92	399.88	383.72	4.426	10.902	8.72	21.49	499.4	1799	1293	87.87	-0.929	-0.0946	1.0	-0.22	2.74	1.00	0.00	0.16	111115
34	"12:49:07"	37873.0	0	18.3	0.103	246	5.46	4.65	34.92	6	1.42	1	2.84	30.98	34.92	29.10	600.91	575.15	4.550	11.041	8.87	21.53	499.3	1799	1302	87.86	-1.53	-0.0901	1.0	-0.22	2.74	1.00	0.00	0.16	111115
35	"12:50:44"	37969.5	0	24.5	0.102	322	5.44	4.67	35.00	6	1.42	1	2.84	31.05	35.00	29.16	800.21	765.76	4.630	11.097	8.99	21.55	499.3	1799	1314	87.85	-2.56	-0.0876	1.0	-0.22	2.74	1.00	0.00	0.16	111115
36	"12:52:32"	38077.5	0	32	0.102	558	5.51	4.74	35.25	6	1.42	1	2.84	31.32	35.25	29.48	1199.72	1153.58	4.732	11.277	9.05	21.57	499.3	1800	1325	87.86	-5.57	-0.0924	0.7	-0.22	2.74	1.00	0.00	0.16	111115
37	"12:54:33"	38199.0	0	34.8	0.101	870	5.54	4.8	35.50	6	1.42	1	2.84	31.60	35.50	29.75	1600.68	1548.58	4.857	11.434	9.14	21.52	499.3	1799	1334	87.85	-10.1	-0.0904	0.7	-0.22	2.74	1.00	0.00	0.16	111115
38	"12:56:38"	38324.0	0	34.9	0.0987	1.22E+03	5.45	4.83	35.58	6	1.42	1	2.84	31.67	35.58	29.77	1999.91	1945.24	4.972	11.445	9.32	21.46	499.4	1801	1349	87.85	-15.6	-0.0903	0.7	-0.22	2.74	1.00	0.00	0.16	111115
"12:58:18 Warning! Large Deltas in match: CO2=-15.2, H2O=0.00"
39	"12:58:37"	38443.0	0	10	0.0972	188	5.42	4.86	35.71	6	1.42	1	2.84	31.74	35.71	29.86	398.67	384.15	5.071	11.502	9.47	21.48	499.4	1801	1360	87.85	-0.425	-0.0953	1.0	-0.22	2.74	1.00	0.00	0.16	111115
"13:00:41 c3"
"13:00:45 Launched AutoProg /User/Configs/AutoProgs/A-CiCurve"
40	"13:02:13"	38659.0	0	15.5	0.304	266	11.4	3.5	33.30	6	1.42	1	2.84	31.63	33.30	29.83	400.26	376.48	5.181	18.605	9.73	34.95	499.4	1799	1835	87.85	-0.747	-0.29	1.0	-0.22	2.74	1.00	0.00	0.16	111115
41	"13:03:35"	38741.0	0	10.9	0.299	203	11.2	3.49	33.19	6	1.42	1	2.84	31.43	33.19	29.63	299.88	282.95	5.192	18.387	9.87	34.94	499.4	1799	1828	87.85	-0.683	-0.284	1.0	-0.22	2.74	1.00	0.00	0.16	111115
42	"13:04:53"	38818.5	0	5.91	0.296	143	11	3.48	33.13	6	1.42	1	2.84	31.27	33.13	29.46	198.61	189.00	5.258	18.276	10.08	35.04	499.4	1799	1824	87.85	-0.746	-0.282	1.0	-0.22	2.74	1.00	0.00	0.16	111115
43	"13:06:19"	38905.0	0	0.936	0.294	85.6	11	3.49	33.17	6	1.42	1	2.84	31.27	33.17	29.47	99.47	97.06	5.313	18.307	10.19	35.11	499.4	1799	1820	87.85	-1.04	-0.288	1.0	-0.22	2.74	1.00	0.00	0.16	111115
44	"13:07:35"	38981.0	0	-1.52	0.294	57.2	11	3.5	33.24	6	1.42	1	2.84	31.28	33.24	29.49	50.59	51.73	5.367	18.382	10.29	35.23	499.4	1800	1813	87.84	-1.33	-0.288	1.0	-0.22	2.74	1.00	0.00	0.16	111115
45	"13:09:39"	39105.0	0	15	0.295	268	11.1	3.52	33.33	6	1.42	1	2.84	31.40	33.33	29.59	400.62	377.56	5.427	18.538	10.33	35.29	499.4	1801	1801	87.84	-0.707	-0.287	1.0	-0.22	2.74	1.00	0.00	0.16	111115
46	"13:10:40"	39166.0	0	15.1	0.294	266	11	3.5	33.25	6	1.42	1	2.84	31.34	33.25	29.52	399.75	376.56	5.453	18.469	10.42	35.28	499.4	1800	1800	87.85	-0.72	-0.279	1.0	-0.22	2.74	1.00	0.00	0.16	111115
47	"13:12:51"	39297.0	0	22.3	0.29	402	10.8	3.47	33.12	6	1.42	1	2.84	31.19	33.12	29.38	601.07	566.91	5.584	18.354	10.76	35.36	499.4	1799	1791	87.84	-1.51	-0.279	1.0	-0.22	2.74	1.00	0.00	0.16	111115
48	"13:15:02"	39428.0	0	25.6	0.287	562	10.8	3.49	33.17	6	1.42	1	2.84	31.19	33.17	29.41	800.36	759.83	5.663	18.367	10.90	35.37	499.5	1799	1786	87.84	-2.57	-0.278	1.0	-0.22	2.74	1.00	0.00	0.16	111115
49	"13:17:13"	39558.5	0	26.7	0.285	921	10.8	3.52	33.30	6	1.42	1	2.84	31.29	33.30	29.48	1199.47	1152.43	5.726	18.449	10.96	35.32	499.3	1800	1779	87.84	-5.93	-0.271	1.0	-0.22	2.74	1.00	0.00	0.16	111115
50	"13:19:24"	39690.0	0	26	0.279	1.29E+03	10.6	3.53	33.29	6	1.42	1	2.84	31.24	33.29	29.44	1599.66	1548.69	5.781	18.295	11.11	35.15	499.4	1800	1773	87.84	-10.5	-0.261	1.0	-0.22	2.74	1.00	0.00	0.16	111115
51	"13:21:35"	39821.0	0	26.2	0.272	1.66E+03	10.4	3.55	33.34	6	1.42	1	2.84	31.21	33.34	29.41	1999.32	1943.43	5.853	18.177	11.26	34.96	499.3	1801	1755	87.83	-16.2	-0.254	1.0	-0.22	2.74	1.00	0.00	0.16	111115
"13:23:27 Warning! Large Deltas in match: CO2=-15.5, H2O=0.01"
52	"13:23:46"	39952.0	0	11.8	0.267	281	10.4	3.6	33.52	6	1.42	1	2.84	31.33	33.52	29.53	399.13	380.15	5.988	18.266	11.44	34.90	499.4	1799	1746	87.83	-0.765	-0.267	0.3	-0.22	2.74	1.00	0.00	0.16	111115
"13:25:53 d10"
"13:25:56 Launched AutoProg /User/Configs/AutoProgs/A-CiCurve"
53	"13:27:02"	40148.0	0	14.2	0.222	248	9.08	3.72	33.54	6	1.42	1	2.84	30.95	33.54	29.15	400.03	378.81	6.176	16.905	12.06	33.00	499.4	1800	1906	87.82	-1.02	-0.231	1.0	-0.22	2.74	1.00	0.00	0.16	111115
54	"13:28:25"	40230.5	0	10.4	0.227	190	8.99	3.62	33.18	6	1.42	1	2.84	30.67	33.18	28.86	300.67	285.07	6.250	16.873	12.40	33.47	499.4	1800	1909	87.82	-0.889	-0.234	1.0	-0.22	2.74	1.00	0.00	0.16	111115
55	"13:29:44"	40310.0	0	5.83	0.227	135	8.86	3.56	32.94	6	1.42	1	2.84	30.40	32.94	28.60	198.55	189.53	6.282	16.750	12.66	33.75	499.4	1799	1900	87.82	-1.01	-0.23	0.7	-0.22	2.74	1.00	0.00	0.16	111115
56	"13:31:11"	40397.0	0	0.878	0.228	85.3	8.74	3.51	32.69	6	1.42	1	2.84	30.09	32.69	28.30	99.95	97.86	6.240	16.564	12.79	33.96	499.4	1799	1895	87.82	-1.5	-0.23	1.0	-0.22	2.74	1.00	0.00	0.16	111115
57	"13:32:26"	40472.0	0	-1.42	0.228	58.7	8.7	3.49	32.63	6	1.42	1	2.84	29.98	32.63	28.20	50.43	51.60	6.288	16.567	12.98	34.19	499.3	1799	1898	87.82	-1.92	-0.231	1.0	-0.22	2.74	1.00	0.00	0.16	111115
58	"13:34:23"	40589.0	0	15.7	0.228	240	8.59	3.44	32.44	6	1.42	1	2.84	29.74	32.44	27.92	400.69	377.92	6.365	16.513	13.31	34.54	499.4	1800	1895	87.82	-1.86	-0.225	1.0	-0.22	2.74	1.00	0.00	0.16	111115
59	"13:35:24"	40650.0	0	16.1	0.227	236	8.51	3.43	32.38	6	1.42	1	2.84	29.65	32.38	27.85	400.07	376.92	6.408	16.466	13.48	34.63	499.4	1799	1892	87.82	-1.98	-0.234	1.0	-0.22	2.74	1.00	0.00	0.16	111115
60	"13:37:31"	40777.0	0	24.5	0.225	350	8.4	3.41	32.29	6	1.42	1	2.84	29.48	32.29	27.67	600.98	565.80	6.501	16.429	13.81	34.89	499.3	1801	1888	87.82	-3.31	-0.218	0.7	-0.22	2.74	1.00	0.00	0.16	111115
61	"13:39:42"	40908.0	0	29.7	0.224	490	8.3	3.39	32.18	6	1.42	1	2.84	29.36	32.18	27.52	799.53	756.28	6.555	16.370	14.02	35.02	499.4	1801	1887	87.81	-5.1	-0.218	1.0	-0.22	2.74	1.00	0.00	0.16	111115
62	"13:41:52"	41037.5	0	30.9	0.219	847	8.01	3.34	31.91	6	1.42	1	2.84	29.00	31.91	27.17	1199.06	1150.85	6.570	16.040	14.34	35.01	499.3	1800	1869	87.81	-10	-0.2	1.0	-0.22	2.74	1.00	0.00	0.16	111115
63	"13:44:02"	41168.0	0	30.8	0.214	1.22E+03	7.76	3.31	31.71	6	1.42	1	2.84	28.72	31.71	26.90	1601.77	1550.25	6.676	15.848	14.82	35.17	499.4	1799	1868	87.81	-16.6	-0.194	0.7	-0.22	2.74	1.00	0.00	0.16	111115
64	"13:46:12"	41297.5	0	30.4	0.213	1.59E+03	7.76	3.32	31.77	6	1.42	1	2.84	28.72	31.77	26.90	2001.92	1947.19	6.721	15.900	14.92	35.28	499.4	1799	1862	87.81	-23.1	-0.191	0.7	-0.22	2.74	1.00	0.00	0.16	111115
"13:48:04 Warning! Large Deltas in match: CO2=-20.0, H2O=0.01"
65	"13:48:22"	41427.5	0	14.3	0.21	242	7.62	3.31	31.70	6	1.42	1	2.84	28.58	31.70	26.74	398.54	377.83	6.764	15.781	15.13	35.31	499.3	1801	1854	87.81	-3.13	-0.204	0.7	-0.22	2.74	1.00	0.00	0.16	111115
"13:53:58 g10"
"13:54:01 Launched AutoProg /User/Configs/AutoProgs/A-CiCurve"
66	"13:55:27"	41853.0	0	17.8	0.375	271	11.6	2.99	29.95	6	1.42	1	2.84	28.79	29.95	26.97	400.25	373.64	0.571	14.338	1.26	31.68	500.3	1799	1665	87.8	-2.66	-0.236	1.0	-0.22	2.74	1.00	0.00	0.16	111115
67	"13:56:48"	41933.5	0	12.4	0.35	205	11.5	3.12	30.41	6	1.42	1	2.84	29.02	30.41	27.18	300.17	281.44	0.559	14.109	1.22	30.77	500.2	1799	1666	87.8	-1.79	-0.237	1.0	-0.22	2.74	1.00	0.00	0.16	111115
68	"13:58:08"	42014.0	0	6.73	0.328	142	11.3	3.25	30.85	6	1.42	1	2.84	29.28	30.85	27.44	199.08	188.46	0.553	13.872	1.19	29.80	500.3	1799	1664	87.8	-1.54	-0.231	1.0	-0.22	2.74	1.00	0.00	0.16	111115
69	"13:59:34"	42100.0	0	1.03	0.311	85.5	11.2	3.39	31.32	6	1.42	1	2.84	29.66	31.32	27.83	99.54	97.01	0.550	13.776	1.16	28.95	500.2	1800	1666	87.8	-1.67	-0.225	1.0	-0.22	2.74	1.00	0.00	0.16	111115
70	"14:00:49"	42175.0	0	-1.7	0.3	58.4	11.1	3.46	31.56	6	1.42	1	2.84	29.87	31.56	28.03	50.71	52.06	0.541	13.617	1.12	28.27	500.2	1799	1666	87.8	-1.84	-0.215	1.0	-0.22	2.74	1.00	0.00	0.16	111115
71	"14:02:52"	42298.0	0	16.2	0.288	258	10.9	3.54	31.78	6	1.42	1	2.84	30.12	31.78	28.28	400.78	376.48	0.531	13.419	1.09	27.46	500.3	1800	1666	87.8	-1.59	-0.209	1.0	-0.22	2.74	1.00	0.00	0.16	111115
72	"14:03:53"	42359.0	0	16	0.28	256	10.8	3.59	31.94	6	1.42	1	2.84	30.29	31.94	28.46	400.05	376.02	0.526	13.304	1.07	26.96	500.3	1800	1667	87.79	-1.38	-0.208	1.0	-0.22	2.74	1.00	0.00	0.16	111115
73	"14:05:59"	42485.0	0	24.3	0.265	374	10.5	3.68	32.17	6	1.42	1	2.84	30.49	32.17	28.62	600.85	564.58	0.525	12.994	1.05	26.03	500.2	1801	1667	87.79	-1.92	-0.198	1.0	-0.22	2.74	1.00	0.00	0.16	111115
74	"14:07:35"	42580.5	0	30.8	0.255	501	10.3	3.74	32.29	6	1.42	1	2.84	30.61	32.29	28.76	799.96	753.65	0.526	12.726	1.05	25.32	500.3	1801	1669	87.79	-2.83	-0.185	1.0	-0.22	2.74	1.00	0.00	0.16	111115
75	"14:09:46"	42712.0	0	38.9	0.243	795	10.1	3.82	32.49	6	1.42	1	2.84	30.78	32.49	28.93	1199.83	1139.41	0.523	12.444	1.03	24.52	500.2	1801	1669	87.79	-6.3	-0.174	1.0	-0.22	2.74	1.00	0.00	0.16	111115
76	"14:11:57"	42843.0	0	42.8	0.235	1.13E+03	9.84	3.84	32.48	6	1.42	1	2.84	30.77	32.48	28.93	1601.26	1531.88	0.528	12.183	1.04	24.01	500.3	1799	1668	87.79	-11	-0.171	0.7	-0.22	2.74	1.00	0.00	0.16	111115
77	"14:14:08"	42974.0	0	45.6	0.228	1.46E+03	9.67	3.88	32.59	6	1.42	1	2.84	30.85	32.59	29.00	1998.61	1921.65	0.529	11.986	1.04	23.52	500.2	1801	1671	87.79	-16.8	-0.156	0.7	-0.22	2.74	1.00	0.00	0.16	111115
"14:15:22 Warning! Large Deltas in match: CO2=-15.8, H2O=0.01"
78	"14:15:42"	43068.0	0	13.3	0.224	255	9.65	3.93	32.76	6	1.42	1	2.84	30.93	32.76	29.15	399.66	379.34	0.528	11.970	1.03	23.38	500.2	1801	1669	87.78	-1	-0.164	1.0	-0.22	2.74	1.00	0.00	0.16	111115
"14:17:49 e3"
"14:17:52 Launched AutoProg /User/Configs/AutoProgs/A-CiCurve"
79	"14:18:56"	43262.0	0	3.6	0.0377	208	2.5	5.69	36.07	6	1.42	1	2.84	30.95	36.07	29.07	399.69	394.20	0.496	3.484	0.97	6.80	500.2	1800	1925	87.78	-1.13	0.0392	1.0	-0.22	2.74	1.00	0.00	0.16	111115
80	"14:20:16"	43342.0	0	2.32	0.0369	170	2.43	5.64	35.92	6	1.42	1	2.84	30.81	35.92	28.93	299.72	296.08	0.487	3.392	0.96	6.67	500.2	1801	1923	87.78	-0.755	0.0364	1.0	-0.22	2.74	1.00	0.00	0.16	111115
81	"14:21:35"	43421.0	0	1.2	0.0361	127	2.35	5.58	35.69	6	1.42	1	2.84	30.52	35.69	28.63	199.51	197.51	0.480	3.286	0.96	6.57	500.3	1800	1920	87.77	-0.859	0.0346	1.0	-0.22	2.74	1.00	0.00	0.16	111115
82	"14:23:01"	43507.0	0	-0.219	0.0359	99	2.31	5.53	35.52	6	1.42	1	2.84	30.38	35.52	28.49	99.48	99.46	0.475	3.239	0.96	6.53	500.3	1800	1917	87.77	-1.09	0.0316	1.0	-0.22	2.74	1.00	0.00	0.16	111115
83	"14:24:22"	43588.0	0	-0.938	0.0356	86.9	2.28	5.49	35.38	6	1.42	1	2.84	30.23	35.38	28.36	50.42	51.41	0.471	3.192	0.96	6.49	500.2	1800	1917	87.77	-1.48	0.0342	1.0	-0.22	2.74	1.00	0.00	0.16	111115
84	"14:26:28"	43714.0	0	4.33	0.035	166	2.24	5.48	35.35	6	1.42	1	2.84	30.12	35.35	28.24	400.46	394.21	0.471	3.149	0.96	6.44	500.1	1801	1917	87.77	-1.68	0.0341	1.0	-0.22	2.74	1.00	0.00	0.16	111115
85	"14:27:28"	43774.0	0	4.24	0.035	168	2.22	5.45	35.25	6	1.42	1	2.84	30.00	35.25	28.09	399.53	393.40	0.471	3.127	0.97	6.44	500.2	1801	1919	87.77	-1.68	0.0364	1.0	-0.22	2.74	1.00	0.00	0.16	111115
86	"14:29:34"	43900.0	0	7.19	0.0345	212	2.21	5.49	35.35	6	1.42	1	2.84	29.99	35.35	28.11	600.38	590.19	0.473	3.115	0.98	6.42	500.2	1799	1919	87.77	-2.83	-0.0213	1.0	-0.22	2.74	1.00	0.00	0.16	111115
87	"14:31:08"	43994.0	0	10	0.0351	269	2.26	5.52	35.47	6	1.42	1	2.84	30.09	35.47	28.20	800.21	786.05	0.476	3.176	0.97	6.51	500.2	1801	1920	87.77	-4.29	-0.0232	1.0	-0.22	2.74	1.00	0.00	0.16	111115
88	"14:33:18"	44124.0	0	14.7	0.0345	407	2.22	5.5	35.41	6	1.42	1	2.84	29.99	35.41	28.09	1200.28	1179.45	0.475	3.124	0.98	6.44	500.2	1800	1919	87.76	-8.08	-0.0201	1.0	-0.22	2.74	1.00	0.00	0.16	111115
89	"14:35:28"	44254.0	0	19.4	0.0344	552	2.2	5.49	35.36	6	1.42	1	2.84	29.93	35.36	28.01	1601.40	1573.98	0.476	3.105	0.98	6.42	500.2	1801	1906	87.76	-13.5	-0.0189	1.0	-0.22	2.74	1.00	0.00	0.16	111115
90	"14:37:38"	44384.0	0	23	0.0339	730	2.16	5.47	35.29	6	1.42	1	2.84	29.88	35.29	27.97	2000.14	1967.45	0.474	3.057	0.98	6.34	500.2	1800	1900	87.76	-20	-0.018	0.7	-0.22	2.74	1.00	0.00	0.16	111115
"14:39:08 Warning! Large Deltas in match: CO2=-18.0, H2O=0.01"
91	"14:39:27"	44492.5	0	4.02	0.0337	172	2.15	5.48	35.30	6	1.42	1	2.84	29.87	35.30	27.98	399.60	393.76	0.475	3.046	0.99	6.32	500.2	1799	1898	87.75	-2.02	-0.0236	1.0	-0.22	2.74	1.00	0.00	0.16	111115
"14:47:51 d14"
"14:47:54 Launched AutoProg /User/Configs/AutoProgs/A-CiCurve"
92	"14:48:57"	45063.0	0	14.3	0.156	202	7.53	4.32	33.35	6	1.42	1	2.84	29.65	33.35	27.80	400.29	379.68	0.506	9.449	1.06	19.85	500.2	1800	1854	87.75	-1.9	-0.188	1.0	-0.22	2.74	1.00	0.00	0.16	111115
93	"14:50:11"	45136.5	0	10.2	0.156	159	7.52	4.31	33.30	6	1.42	1	2.84	29.61	33.30	27.75	300.88	286.09	0.522	9.455	1.10	19.91	500.1	1799	1811	87.74	-2.06	-0.184	0.7	-0.22	2.74	1.00	0.00	0.16	111115
94	"14:51:37"	45223.0	0	5.46	0.156	119	7.5	4.3	33.27	6	1.42	1	2.84	29.54	33.27	27.65	198.68	190.43	0.532	9.442	1.13	19.96	500.3	1801	1860	87.74	-1.88	-0.181	1.0	-0.22	2.74	1.00	0.00	0.16	111115
95	"14:53:07"	45313.5	0	0.975	0.155	80.3	7.46	4.29	33.22	6	1.42	1	2.84	29.49	33.22	27.60	99.97	97.93	0.538	9.404	1.14	19.94	500.2	1801	1844	87.74	-2	-0.178	1.0	-0.22	2.74	1.00	0.00	0.16	111115
96	"14:54:22"	45388.0	0	-1.24	0.156	60.2	7.44	4.27	33.13	6	1.42	1	2.84	29.42	33.13	27.53	50.38	51.40	0.543	9.386	1.16	19.99	500.2	1799	1840	87.74	-2.35	-0.177	1.0	-0.22	2.74	1.00	0.00	0.16	111115
97	"14:56:25"	45511.0	0	14.7	0.157	200	7.43	4.23	33.01	6	1.42	1	2.84	29.34	33.01	27.45	401.25	380.21	0.555	9.384	1.19	20.07	500.2	1800	1833	87.74	-2.7	-0.167	1.0	-0.22	2.74	1.00	0.00	0.16	111115
98	"14:57:26"	45572.0	0	14.8	0.157	199	7.39	4.2	32.90	6	1.42	1	2.84	29.22	32.90	27.31	400.31	379.25	0.559	9.341	1.20	20.13	500.2	1799	1832	87.73	-2.82	-0.171	1.0	-0.22	2.74	1.00	0.00	0.16	111115
99	"14:59:27"	45693.0	0	23	0.158	291	7.44	4.2	32.92	6	1.42	1	2.84	29.24	32.92	27.38	601.25	568.52	0.578	9.416	1.24	20.25	500.2	1800	1825	87.73	-3.95	-0.17	1.0	-0.22	2.74	1.00	0.00	0.16	111115
100	"15:01:23"	45809.0	0	29.3	0.159	403	7.46	4.21	32.95	6	1.42	1	2.84	29.28	32.95	27.41	800.07	758.13	0.591	9.452	1.27	20.28	500.2	1799	1819	87.73	-5.53	-0.165	1.0	-0.22	2.74	1.00	0.00	0.16	111115
101	"15:03:34"	45940.0	0	34.2	0.158	712	7.51	4.26	33.14	6	1.42	1	2.84	29.46	33.14	27.60	1200.55	1149.14	0.610	9.538	1.30	20.26	500.2	1800	1811	87.73	-9.35	-0.161	1.0	-0.22	2.74	1.00	0.00	0.16	111115
102	"15:05:45"	46071.0	0	34.9	0.156	1.06E+03	7.51	4.31	33.32	6	1.42	1	2.84	29.61	33.32	27.76	1600.24	1544.47	0.632	9.555	1.33	20.12	500.2	1800	1805	87.73	-14.6	-0.17	1.0	-0.22	2.74	1.00	0.00	0.16	111115
103	"15:07:56"	46202.0	0	35.3	0.154	1.42E+03	7.55	4.38	33.59	6	1.42	1	2.84	29.86	33.59	27.99	1999.97	1940.13	0.653	9.616	1.35	19.96	500.3	1801	1788	87.72	-20.5	-0.172	1.0	-0.22	2.74	1.00	0.00	0.16	111115
"15:09:48 Warning! Large Deltas in match: CO2=-18.8, H2O=0.00"
104	"15:10:07"	46333.0	0	12.7	0.151	216	7.51	4.44	33.78	6	1.42	1	2.84	30.01	33.78	28.18	400.29	381.66	0.663	9.579	1.37	19.72	500.3	1799	1473	87.72	-1.7	-0.175	0.7	-0.22	2.74	1.00	0.00	0.16	111115
"15:14:42 e14"
"15:14:44 Launched AutoProg /User/Configs/AutoProgs/A-CiCurve"
105	"15:15:48"	46674.5	0	15.3	0.326	274	12	3.49	32.01	6	1.42	1	2.84	30.00	32.01	28.08	401.04	377.28	0.429	14.666	0.88	30.20	500.2	1801	1980	87.72	-1.66	-0.327	1.0	-0.22	2.74	1.00	0.00	0.16	111115
106	"15:17:11"	46757.0	0	10.9	0.323	208	11.8	3.45	31.77	6	1.42	1	2.84	29.84	31.77	27.98	300.16	283.04	0.421	14.390	0.87	29.90	500.3	1799	1979	87.71	-1.5	-0.319	1.0	-0.22	2.74	1.00	0.00	0.16	111115
107	"15:18:30"	46836.0	0	5.86	0.304	145	11.5	3.54	31.98	6	1.42	1	2.84	29.84	31.98	27.98	199.03	189.39	0.416	13.978	0.86	29.04	500.2	1801	1975	87.72	-1.41	-0.311	1.0	-0.22	2.74	1.00	0.00	0.16	111115
108	"15:19:53"	46919.0	0	0.821	0.302	86.7	11.4	3.53	31.89	6	1.42	1	2.84	29.84	31.89	28.00	99.84	97.52	0.409	13.863	0.85	28.81	500.2	1799	1973	87.72	-1.62	-0.309	1.0	-0.22	2.74	1.00	0.00	0.16	111115
109	"15:21:07"	46993.0	0	-1.68	0.289	58.6	11.2	3.61	32.11	6	1.42	1	2.84	29.88	32.11	28.01	50.92	52.24	0.408	13.624	0.85	28.25	500.2	1800	1969	87.71	-1.83	-0.309	1.0	-0.22	2.74	1.00	0.00	0.16	111115
110	"15:23:11"	47117.0	0	15.1	0.282	263	11	3.62	32.08	6	1.42	1	2.84	29.84	32.08	27.98	400.70	377.63	0.398	13.381	0.83	27.80	500.2	1800	1965	87.72	-1.76	-0.306	1.0	-0.22	2.74	1.00	0.00	0.16	111115
111	"15:24:12"	47178.0	0	15.3	0.285	262	10.9	3.58	31.90	6	1.42	1	2.84	29.81	31.90	27.96	399.78	376.49	0.394	13.347	0.82	27.78	500.2	1800	1903	87.72	-1.86	-0.303	1.0	-0.22	2.74	1.00	0.00	0.16	111115
112	"15:26:23"	47308.5	0	23.1	0.27	385	10.5	3.62	31.88	6	1.42	1	2.84	29.60	31.88	27.74	600.26	565.41	0.384	12.841	0.81	27.06	500.2	1800	1955	87.7	-2.98	-0.289	0.7	-0.22	2.74	1.00	0.00	0.16	111115
113	"15:28:14"	47420.0	0	28.9	0.261	522	10.3	3.65	31.93	6	1.42	1	2.84	29.56	31.93	27.71	800.34	756.29	0.378	12.588	0.80	26.58	500.1	1799	1956	87.71	-4.56	-0.28	1.0	-0.22	2.74	1.00	0.00	0.16	111125
114	"15:30:25"	47551.0	0	33.9	0.253	845	10.2	3.71	32.11	6	1.42	1	2.84	29.62	32.11	27.76	1199.16	1144.47	0.382	12.449	0.80	26.19	500.2	1801	1952	87.71	-8.33	-0.276	0.7	-0.22	2.74	1.00	0.00	0.16	111125
115	"15:32:36"	47682.0	0	35.8	0.245	1.19E+03	9.98	3.74	32.15	6	1.42	1	2.84	29.61	32.15	27.76	1600.13	1538.72	0.384	12.210	0.81	25.71	500.2	1799	1943	87.7	-13.6	-0.266	0.7	-0.22	2.74	1.00	0.00	0.16	111115
116	"15:34:41"	47806.5	0	37.4	0.245	1.55E+03	9.91	3.72	32.04	6	1.42	1	2.84	29.72	32.04	27.89	1999.08	1931.27	0.387	12.126	0.81	25.38	500.2	1801	1939	87.71	-19.6	-0.262	0.7	-0.22	2.74	1.00	0.00	0.16	111115
"15:36:02 Warning! Large Deltas in match: CO2=-17.8, H2O=0.00"
117	"15:36:22"	47908.0	0	13.4	0.234	259	9.72	3.82	32.32	6	1.42	1	2.84	29.66	32.32	27.83	400.06	379.56	0.383	11.904	0.80	24.99	500.2	1801	1938	87.71	-1.82	-0.265	1.0	-0.22	2.74	1.00	0.00	0.16	111115
"15:38:59 c19"
"15:39:03 Launched AutoProg /User/Configs/AutoProgs/A-CiCurve"
118	"15:40:06"	48132.0	0	11.5	0.158	236	7.57	4.28	33.19	6	1.42	1	2.84	29.62	33.19	27.76	400.36	383.05	0.410	9.406	0.86	19.79	500.2	1799	137	87.7	-2.4	-0.202	1.0	-0.22	2.74	1.00	0.00	0.16	111115
119	"15:41:29"	48215.0	0	8.18	0.156	181	7.48	4.3	33.23	6	1.42	1	2.84	29.62	33.23	27.78	299.95	287.57	0.421	9.313	0.89	19.59	500.3	1799	136	87.7	-2.24	-0.197	1.0	-0.22	2.74	1.00	0.00	0.16	111115
120	"15:42:53"	48299.0	0	4.61	0.155	129	7.49	4.31	33.26	6	1.42	1	2.84	29.61	33.26	27.78	198.94	191.70	0.433	9.335	0.91	19.65	500.2	1800	136	87.69	-2.25	-0.197	1.0	-0.22	2.74	1.00	0.00	0.16	111115
121	"15:44:19"	48384.5	0	0.247	0.157	87.9	7.55	4.3	33.25	6	1.42	1	2.84	29.57	33.25	27.72	99.19	98.00	0.435	9.403	0.92	19.84	500.2	1801	138	87.69	-2.41	-0.199	1.0	-0.22	2.74	1.00	0.00	0.16	111115
122	"15:45:36"	48462.0	0	-1.76	0.159	65.8	7.61	4.27	33.17	6	1.42	1	2.84	29.50	33.17	27.65	50.32	51.96	0.444	9.486	0.94	20.09	500.2	1800	136	87.69	-2.77	-0.202	1.0	-0.22	2.74	1.00	0.00	0.16	111115
123	"15:47:32"	48578.0	0	13.7	0.163	215	7.7	4.24	33.10	6	1.42	1	2.84	29.43	33.10	27.59	399.85	379.92	0.458	9.598	0.97	20.42	500.3	1801	134	87.7	-2.68	-0.207	0.7	-0.22	2.74	1.00	0.00	0.16	111115
124	"15:48:33"	48639.0	0	13.8	0.165	215	7.77	4.23	33.09	6	1.42	1	2.84	29.47	33.09	27.64	399.66	379.56	0.454	9.681	0.96	20.55	500.3	1801	134	87.69	-2.76	-0.207	0.7	-0.22	2.74	1.00	0.00	0.16	111115
125	"15:50:39"	48765.0	0	21.6	0.17	322	7.73	4.1	32.61	6	1.42	1	2.84	29.33	32.61	27.51	601.37	570.19	0.462	9.648	0.99	20.64	500.2	1799	135	87.69	-4.2	-0.207	0.7	-0.22	2.74	1.00	0.00	0.16	111115
126	"15:52:40"	48886.0	0	27	0.17	449	7.63	4.03	32.34	6	1.42	1	2.84	29.26	32.34	27.46	800.35	761.04	0.479	9.543	1.03	20.49	500.2	1800	135	87.69	-6.13	-0.2	1.0	-0.22	2.74	1.00	0.00	0.16	111115
127	"15:54:51"	49017.0	0	31.7	0.17	766	7.6	4.02	32.29	6	1.42	1	2.84	29.22	32.29	27.40	1199.97	1151.45	0.498	9.531	1.07	20.51	500.2	1801	133	87.69	-10.7	-0.2	1.0	-0.22	2.74	1.00	0.00	0.16	111115
128	"15:57:02"	49148.0	0	33.8	0.161	1.09E+03	7.54	4.2	32.94	6	1.42	1	2.84	29.27	32.94	27.45	1601.52	1547.00	0.503	9.462	1.08	20.31	500.2	1800	131	87.69	-16.5	-0.188	1.0	-0.22	2.74	1.00	0.00	0.16	111115
129	"15:59:13"	49278.5	0	34.9	0.157	1.44E+03	7.37	4.19	32.84	6	1.42	1	2.84	29.14	32.84	27.32	2000.05	1941.00	0.519	9.275	1.12	20.06	500.3	1800	134	87.68	-23.6	-0.186	1.0	-0.22	2.74	1.00	0.00	0.16	111115
"16:01:04 Warning! Large Deltas in match: CO2=-20.8, H2O=0.01"
130	"16:01:23"	49408.5	0	12.4	0.156	224	7.4	4.23	32.99	6	1.42	1	2.84	29.20	32.99	27.39	399.85	381.55	0.515	9.311	1.11	20.07	500.2	1799	139	87.69	-2.73	-0.195	1.0	-0.22	2.74	1.00	0.00	0.16	111115
"16:02:54 e18"
"16:02:57 Launched AutoProg /User/Configs/AutoProgs/A-CiCurve"
131	"16:04:48"	49614.0	0	15.3	0.42	293	12.8	2.97	30.30	6	1.42	1	2.84	29.24	30.30	27.38	401.30	377.13	0.483	15.597	1.04	33.54	500.2	1801	156	87.69	-3.44	-0.369	1.0	-0.22	2.74	1.00	0.00	0.16	111115
132	"16:06:10"	49696.0	0	11.1	0.391	218	12.3	3.04	30.39	6	1.42	1	2.84	29.21	30.39	27.39	300.21	282.73	0.470	15.030	1.01	32.37	500.2	1800	444	87.69	-2.79	-0.358	0.7	-0.22	2.74	1.00	0.00	0.16	111115
133	"16:07:32"	49778.0	0	6.26	0.368	149	12	3.13	30.60	6	1.42	1	2.84	29.26	30.60	27.45	199.22	188.98	0.460	14.653	0.99	31.47	500.1	1800	348	87.69	-2.26	-0.345	1.0	-0.22	2.74	1.00	0.00	0.16	111115
134	"16:08:58"	49864.0	0	1.07	0.342	86.2	11.5	3.21	30.73	6	1.42	1	2.84	29.30	30.73	27.48	99.87	97.24	0.448	14.095	0.96	30.20	500.2	1800	683	87.69	-2.12	-0.331	1.0	-0.22	2.74	1.00	0.00	0.16	111115
135	"16:10:16"	49941.5	0	-1.44	0.325	56.3	11.2	3.25	30.76	6	1.42	1	2.84	29.27	30.76	27.46	50.80	51.83	0.438	13.648	0.94	29.29	500.2	1801	900	87.68	-2.23	-0.323	1.0	-0.22	2.74	1.00	0.00	0.16	111115
136	"16:12:27"	50073.0	0	14.3	0.298	275	10.6	3.33	30.82	6	1.42	1	2.84	29.28	30.82	27.49	401.27	379.26	0.426	12.944	0.91	27.76	500.2	1800	1157	87.68	-2.38	-0.301	1.0	-0.22	2.74	1.00	0.00	0.16	111115
137	"16:13:28"	50134.0	0	14.2	0.29	273	10.4	3.37	30.91	6	1.42	1	2.84	29.32	30.91	27.54	400.41	378.63	0.422	12.781	0.90	27.35	500.2	1800	932	87.68	-2.26	-0.29	1.0	-0.22	2.74	1.00	0.00	0.16	111115
138	"16:15:34"	50260.0	0	21.6	0.278	403	10.2	3.43	31.07	6	1.42	1	2.84	29.44	31.07	27.68	601.13	568.27	0.412	12.529	0.88	26.63	500.2	1799	903	87.67	-3.24	-0.283	1.0	-0.22	2.74	1.00	0.00	0.16	111115
139	"16:17:14"	50360.0	0	27.3	0.269	540	10	3.47	31.13	6	1.42	1	2.84	29.49	31.13	27.71	799.99	758.08	0.406	12.290	0.86	26.05	500.2	1801	1098	87.67	-4.6	-0.272	1.0	-0.22	2.74	1.00	0.00	0.16	111115
140	"16:19:03"	50469.0	0	33.7	0.259	856	9.77	3.5	31.13	6	1.42	1	2.84	29.47	31.13	27.70	1200.39	1146.51	0.397	11.971	0.84	25.39	500.2	1800	981	87.67	-8.52	-0.261	0.7	-0.22	2.74	1.00	0.00	0.16	111115
141	"16:20:44"	50570.5	0	37.3	0.246	1.19E+03	9.46	3.54	31.18	6	1.42	1	2.84	29.46	31.18	27.69	1599.10	1536.87	0.392	11.607	0.83	24.64	500.2	1799	1108	87.67	-13.9	-0.248	0.3	-0.22	2.74	1.00	0.00	0.16	111115
142	"16:22:55"	50701.0	0	40.5	0.231	1.51E+03	9.11	3.62	31.33	6	1.42	1	2.84	29.50	31.33	27.73	1999.94	1930.29	0.388	11.196	0.82	23.71	500.2	1800	1092	87.67	-20.3	-0.237	0.7	-0.22	2.74	1.00	0.00	0.16	111115
"16:24:25 Warning! Large Deltas in match: CO2=-18.0, H2O=0.00"
143	"16:24:44"	50810.0	0	11.6	0.224	271	9.01	3.68	31.53	6	1.42	1	2.84	29.58	31.53	27.78	399.26	381.24	0.384	11.071	0.81	23.34	500.2	1799	1132	87.68	-2.28	-0.237	0.7	-0.22	2.74	1.00	0.00	0.16	111115
"16:27:32 f19"
"16:27:40 Launched AutoProg /User/Configs/AutoProgs/A-CiCurve"
144	"16:28:43"	51049.0	0	18	0.423	277	13.4	3.09	31.04	6	1.42	1	2.84	29.67	31.04	27.84	399.77	372.20	0.422	16.275	0.88	34.12	500.2	1801	136	87.67	-2.11	-0.395	1.0	-0.22	2.74	1.00	0.00	0.16	111115
145	"16:30:01"	51127.0	0	12.7	0.4	209	13	3.15	31.10	6	1.42	1	2.84	29.65	31.10	27.85	299.85	280.22	0.433	15.822	0.91	33.22	500.2	1800	136	87.67	-1.83	-0.381	1.0	-0.22	2.74	1.00	0.00	0.16	111115
146	"16:31:23"	51209.0	0	6.99	0.375	145	12.6	3.22	31.22	6	1.42	1	2.84	29.67	31.22	27.86	199.29	188.06	0.443	15.329	0.93	32.15	500.2	1800	141	87.67	-1.8	-0.364	1.0	-0.22	2.74	1.00	0.00	0.16	111115
147	"16:32:47"	51293.0	0	1.05	0.351	85.6	12.2	3.31	31.37	6	1.42	1	2.84	29.69	31.37	27.89	99.18	96.51	0.450	14.841	0.94	31.09	500.2	1800	137	87.67	-1.91	-0.358	1.0	-0.22	2.74	1.00	0.00	0.16	111115
148	"16:34:02"	51367.5	0	-1.67	0.326	57.7	11.7	3.38	31.46	6	1.42	1	2.84	29.64	31.46	27.83	50.90	52.17	0.454	14.251	0.95	29.94	500.2	1799	136	87.67	-2.1	-0.326	1.0	-0.22	2.74	1.00	0.00	0.16	111115
149	"16:36:05"	51490.5	0	15.7	0.298	264	11.1	3.47	31.56	6	1.42	1	2.84	29.62	31.56	27.80	400.69	376.81	0.457	13.544	0.96	28.47	500.2	1801	102	87.65	-2.08	-0.306	1.0	-0.22	2.74	1.00	0.00	0.16	111115
150	"16:37:06"	51552.0	0	15.4	0.281	260	10.6	3.52	31.56	6	1.42	1	2.84	29.47	31.56	27.64	399.73	376.49	0.459	13.003	0.97	27.58	500.2	1799	136	87.66	-2.08	-0.287	1.0	-0.22	2.74	1.00	0.00	0.16	111115
151	"16:39:08"	51674.0	0	23.2	0.266	384	10.3	3.58	31.68	6	1.42	1	2.84	29.47	31.68	27.67	600.75	565.98	0.465	12.639	0.99	26.80	500.2	1799	136	87.66	-2.99	-0.277	0.7	-0.22	2.74	1.00	0.00	0.16	111115
152	"16:40:48"	51774.0	0	29.1	0.259	519	10.1	3.59	31.64	6	1.42	1	2.84	29.51	31.64	27.71	799.46	755.43	0.469	12.388	0.99	26.22	500.1	1799	148	87.66	-4.37	-0.265	0.7	-0.22	2.74	1.00	0.00	0.16	111115
153	"16:42:59"	51905.0	0	36.3	0.248	824	9.93	3.68	31.93	6	1.42	1	2.84	29.58	31.93	27.76	1199.64	1142.53	0.473	12.239	1.00	25.81	500.2	1801	355	87.66	-8.26	-0.264	0.3	-0.22	2.74	1.00	0.00	0.16	111115
154	"16:45:09"	52034.5	0	40	0.232	1.14E+03	9.52	3.76	32.07	6	1.42	1	2.84	29.55	32.07	27.72	1600.24	1534.69	0.472	11.756	1.00	24.82	500.3	1800	133	87.66	-13.6	-0.243	1.0	-0.22	2.74	1.00	0.00	0.16	111115
155	"16:47:20"	52166.0	0	42.5	0.197	1.44E+03	8.44	3.88	32.08	6	1.42	1	2.84	29.45	32.08	27.62	2000.13	1929.64	0.475	10.488	1.01	22.28	500.3	1801	130	87.66	-20.1	-0.211	0.7	-0.22	2.74	1.00	0.00	0.16	111115
"16:48:44 Warning! Large Deltas in match: CO2=-17.7, H2O=-0.01"
156	"16:49:04"	52270.0	0	10.5	0.168	253	7.75	4.14	32.78	6	1.42	1	2.84	29.39	32.78	27.57	399.41	383.23	0.478	9.687	1.02	20.64	500.3	1801	133	87.65	-2.32	-0.197	1.0	-0.22	2.74	1.00	0.00	0.16	111115
"16:56:12 d17"
"16:56:15 Launched AutoProg /User/Configs/AutoProgs/A-CiCurve"
157	"16:57:19"	52765.0	0	12.9	0.152	215	7.31	4.3	33.14	6	1.42	1	2.84	29.44	33.14	27.54	399.97	381.19	0.318	9.007	0.68	19.14	500.2	1801	1076	87.65	-2.95	-0.196	1.0	-0.22	2.74	1.00	0.00	0.16	111115
158	"16:58:38"	52844.0	0	8.88	0.147	167	7.09	4.3	33.07	6	1.42	1	2.84	29.30	33.07	27.41	299.68	286.60	0.323	8.755	0.69	18.75	500.1	1801	1060	87.65	-2.8	-0.19	1.0	-0.22	2.74	1.00	0.00	0.16	111115
159	"16:59:58"	52924.0	0	4.72	0.144	124	6.96	4.31	33.05	6	1.42	1	2.84	29.20	33.05	27.31	199.16	191.90	0.324	8.596	0.70	18.52	500.2	1800	986	87.66	-2.48	-0.189	1.0	-0.22	2.74	1.00	0.00	0.16	111115
160	"17:01:23"	53008.5	0	0.735	0.144	82.6	6.89	4.27	32.89	6	1.42	1	2.84	29.01	32.89	27.12	100.07	98.38	0.326	8.519	0.71	18.55	500.2	1799	1043	87.65	-2.37	-0.19	1.0	-0.22	2.74	1.00	0.00	0.16	111115
161	"17:02:39"	53085.0	0	-1.35	0.144	62.7	6.89	4.25	32.81	6	1.42	1	2.84	28.92	32.81	27.04	50.46	51.65	0.331	8.527	0.72	18.67	500.3	1799	1034	87.66	-2.49	-0.196	1.0	-0.22	2.74	1.00	0.00	0.16	111115
162	"17:04:40"	53206.0	0	13.4	0.146	206	6.87	4.19	32.57	6	1.42	1	2.84	28.71	32.57	26.82	400.90	381.74	0.336	8.501	0.74	18.84	500.2	1800	1018	87.65	-2.74	-0.196	0.7	-0.22	2.74	1.00	0.00	0.16	111115
163	"17:05:41"	53267.0	0	13.4	0.147	206	6.86	4.16	32.47	6	1.42	1	2.84	28.63	32.47	26.75	400.15	380.97	0.339	8.501	0.75	18.93	500.2	1801	1006	87.65	-2.8	-0.197	1.0	-0.22	2.74	1.00	0.00	0.16	111115
164	"17:07:47"	53393.0	0	21.1	0.147	297	6.8	4.14	32.38	6	1.42	1	2.84	28.50	32.38	26.62	601.14	571.16	0.351	8.440	0.79	18.94	500.2	1801	997	87.65	-4.2	-0.197	0.7	-0.22	2.74	1.00	0.00	0.16	111115
165	"17:09:22"	53488.0	0	27.5	0.144	398	6.65	4.11	32.24	6	1.42	1	2.84	28.32	32.24	26.45	800.13	761.10	0.360	8.271	0.82	18.75	500.2	1801	986	87.65	-5.84	-0.195	1.0	-0.22	2.74	1.00	0.00	0.16	111115
166	"17:11:10"	53595.5	0	35.3	0.139	655	6.41	4.11	32.13	6	1.42	1	2.84	28.18	32.13	26.30	1199.09	1147.98	0.368	7.993	0.84	18.27	500.2	1800	975	87.65	-10.3	-0.185	0.3	-0.22	2.74	1.00	0.00	0.16	111115
167	"17:13:21"	53726.5	0	38.8	0.132	956	6.13	4.13	32.12	6	1.42	1	2.84	28.08	32.12	26.21	1600.39	1542.55	0.379	7.671	0.87	17.63	500.2	1800	962	87.65	-16.5	-0.178	1.0	-0.22	2.74	1.00	0.00	0.16	111115
168	"17:15:12"	53838.0	0	40.5	0.126	1.28E+03	5.89	4.15	32.08	6	1.42	1	2.84	27.94	32.08	26.06	1998.32	1936.03	0.388	7.396	0.90	17.14	500.2	1799	952	87.65	-23.5	-0.17	0.7	-0.22	2.74	1.00	0.00	0.16	111125
"17:16:47 Warning! Large Deltas in match: CO2=-20.3, H2O=0.00"
169	"17:17:07"	53953.0	0	11.7	0.123	202	5.77	4.17	32.12	6	1.42	1	2.84	27.88	32.12	26.00	398.90	382.25	0.399	7.276	0.93	16.93	500.2	1799	587	87.65	-3.23	-0.17	0.7	-0.22	2.74	1.00	0.00	0.16	111115
"17:22:20 h9"
"17:22:26 Launched AutoProg /User/Configs/AutoProgs/A-CiCurve"
170	"17:23:29"	54335.0	0	15.6	0.201	225	8.13	3.68	31.20	6	1.42	1	2.84	27.99	31.20	26.09	400.04	377.69	0.384	10.041	0.89	23.21	500.2	1801	1087	87.65	-2.95	-0.243	0.7	-0.22	2.74	1.00	0.00	0.16	111115
171	"17:24:47"	54413.0	0	10.8	0.197	175	8.03	3.7	31.22	6	1.42	1	2.84	27.94	31.22	26.05	299.74	284.05	0.386	9.925	0.90	23.00	500.2	1800	1068	87.64	-2.52	-0.239	0.7	-0.22	2.74	1.00	0.00	0.16	111115
172	"17:26:04"	54490.0	0	6.06	0.193	126	7.94	3.72	31.27	6	1.42	1	2.84	27.94	31.27	26.05	199.28	190.20	0.387	9.817	0.90	22.76	500.2	1800	1056	87.64	-2.28	-0.239	1.0	-0.22	2.74	1.00	0.00	0.16	111115
173	"17:27:30"	54576.5	0	1.02	0.185	81.4	7.69	3.76	31.34	6	1.42	1	2.84	27.89	31.34	26.00	99.19	97.06	0.386	9.523	0.90	22.13	500.1	1800	1034	87.64	-2.24	-0.23	0.7	-0.22	2.74	1.00	0.00	0.16	111115
174	"17:28:45"	54651.0	0	-1.17	0.177	59	7.51	3.82	31.47	6	1.42	1	2.84	27.93	31.47	26.05	50.93	51.87	0.383	9.309	0.89	21.59	500.2	1800	1013	87.64	-2.42	-0.22	1.0	-0.22	2.74	1.00	0.00	0.16	111115
175	"17:30:51"	54777.0	0	14.6	0.169	214	7.23	3.85	31.49	6	1.42	1	2.84	27.94	31.49	26.04	401.39	380.62	0.382	8.973	0.89	20.80	500.3	1801	978	87.64	-2.83	-0.212	1.0	-0.22	2.74	1.00	0.00	0.16	111115
176	"17:31:52"	54838.0	0	14.3	0.16	209	6.93	3.89	31.51	6	1.42	1	2.84	27.88	31.51	25.99	399.65	379.39	0.381	8.627	0.89	20.06	500.2	1801	961	87.64	-2.87	-0.198	0.7	-0.22	2.74	1.00	0.00	0.16	111115
177	"17:34:03"	54969.0	0	20.6	0.14	294	6.25	3.97	31.56	6	1.42	1	2.84	27.77	31.56	25.89	600.31	571.29	0.385	7.820	0.90	18.30	500.2	1799	829	87.64	-4.17	-0.175	1.0	-0.22	2.74	1.00	0.00	0.16	111115
178	"17:35:59"	55085.0	0	25.6	0.129	388	5.88	4.06	31.75	6	1.42	1	2.84	27.85	31.75	25.97	799.12	763.00	0.383	7.384	0.89	17.21	500.1	1800	890	87.64	-5.85	-0.161	0.3	-0.22	2.74	1.00	0.00	0.16	111115
179	"17:38:10"	55216.5	0	30.4	0.112	638	5.27	4.15	31.85	6	1.42	1	2.84	27.78	31.85	25.89	1198.98	1155.22	0.382	6.664	0.89	15.59	500.2	1800	852	87.64	-10.6	-0.137	0.7	-0.22	2.74	1.00	0.00	0.16	111115
180	"17:40:10"	55336.0	0	32.5	0.0945	889	4.57	4.25	31.95	6	1.42	1	2.84	27.68	31.95	25.79	1600.64	1553.11	0.382	5.834	0.90	13.73	500.2	1800	813	87.64	-16.5	-0.117	0.7	-0.22	2.74	1.00	0.00	0.16	111115
181	"17:42:20"	55465.5	0	33.7	0.0752	1.09E+03	3.78	4.39	32.16	6	1.42	1	2.84	27.63	32.16	25.75	1999.62	1950.28	0.381	4.897	0.90	11.56	500.2	1801	773	87.64	-23.6	-0.0921	0.7	-0.22	2.74	1.00	0.00	0.16	111115
"17:43:45 Warning! Large Deltas in match: CO2=-20.7, H2O=-0.02"
182	"17:44:04"	55570.0	0	6.82	0.0578	174	3.03	4.54	32.43	6	1.42	1	2.84	27.57	32.43	25.69	399.25	389.66	0.379	3.997	0.90	9.47	500.1	1801	686	87.64	-2.97	-0.0725	0.7	-0.22	2.74	1.00	0.00	0.16	111115
"17:47:06 g6"
"17:47:10 Launched AutoProg /User/Configs/AutoProgs/A-CiCurve"
183	"17:48:13"	55818.5	0	10.6	0.118	212	5.34	4.02	31.38	6	1.42	1	2.84	27.82	31.38	25.92	399.57	384.35	0.357	6.724	0.83	15.69	500.2	1801	221	87.64	-3.02	-0.15	1.0	-0.22	2.74	1.00	0.00	0.16	111115
184	"17:49:32"	55898.0	0	7.03	0.111	168	5.07	4.04	31.36	6	1.42	1	2.84	27.67	31.36	25.78	300.08	289.88	0.354	6.391	0.83	15.05	500.2	1800	184	87.64	-2.76	-0.142	1.0	-0.22	2.74	1.00	0.00	0.16	111115
185	"17:50:52"	55977.5	0	3.59	0.104	124	4.78	4.07	31.36	6	1.42	1	2.84	27.57	31.36	25.70	198.88	193.46	0.349	6.051	0.83	14.33	500.1	1799	254	87.64	-2.56	-0.133	0.7	-0.22	2.74	1.00	0.00	0.16	111115
186	"17:52:16"	56062.0	0	0.373	0.0989	85.1	4.6	4.09	31.35	6	1.42	1	2.84	27.50	31.35	25.63	99.36	98.37	0.343	5.824	0.82	13.85	500.1	1801	130	87.64	-2.59	-0.128	1.0	-0.22	2.74	1.00	0.00	0.16	111115
187	"17:53:34"	56140.0	0	-1.09	0.0968	65.5	4.48	4.07	31.22	6	1.42	1	2.84	27.34	31.22	25.47	50.33	51.36	0.336	5.675	0.81	13.62	500.2	1800	157	87.64	-2.74	-0.124	1.0	-0.22	2.74	1.00	0.00	0.16	111115
188	"17:55:34"	56259.5	0	9.85	0.0965	197	4.41	4.03	31.02	6	1.42	1	2.84	27.16	31.02	25.30	400.75	386.89	0.331	5.596	0.80	13.58	500.2	1799	164	87.65	-3.62	-0.124	1.0	-0.22	2.74	1.00	0.00	0.16	111115
189	"17:56:35"	56321.0	0	9.84	0.0965	196	4.41	4.02	30.99	6	1.42	1	2.84	27.10	30.99	25.25	399.91	386.07	0.327	5.582	0.80	13.59	500.2	1799	173	87.65	-3.66	-0.121	1.0	-0.22	2.74	1.00	0.00	0.16	111115
190	"17:58:37"	56443.0	0	15.7	0.0952	275	4.33	4.01	30.91	6	1.42	1	2.84	26.98	30.91	25.13	600.92	579.02	0.323	5.492	0.79	13.46	500.2	1800	146	87.65	-5.08	-0.119	1.0	-0.22	2.74	1.00	0.00	0.16	111115
191	"18:00:12"	56538.0	0	20.8	0.092	357	4.17	3.99	30.77	6	1.42	1	2.84	26.82	30.77	24.96	799.87	771.01	0.317	5.298	0.78	13.11	500.2	1800	138	87.65	-7.01	-0.0558	1.0	-0.22	2.74	1.00	0.00	0.16	111115
192	"18:02:22"	56667.5	0	29	0.0855	540	3.88	3.98	30.61	6	1.42	1	2.84	26.62	30.61	24.77	1200.40	1160.17	0.311	4.938	0.78	12.37	500.2	1800	345	87.64	-11.9	-0.0473	0.3	-0.22	2.74	1.00	0.00	0.16	111115
193	"18:04:21"	56786.5	0	35.6	0.0803	739	3.67	4.01	30.64	6	1.42	1	2.84	26.57	30.64	24.72	1600.72	1551.21	0.305	4.691	0.77	11.78	500.2	1800	134	87.65	-18.1	-0.0446	0.7	-0.22	2.74	1.00	0.00	0.16	111115
194	"18:06:31"	56916.5	0	39.8	0.0761	978	3.49	4.01	30.58	6	1.42	1	2.84	26.45	30.58	24.59	1998.95	1943.11	0.300	4.465	0.76	11.29	500.2	1801	644	87.65	-25.2	-0.0373	0.7	-0.22	2.74	1.00	0.00	0.16	111115
"18:07:47 Warning! Large Deltas in match: CO2=-21.3, H2O=0.01"
195	"18:08:06"	57011.5	0	7.23	0.074	207	3.39	4.01	30.52	6	1.42	1	2.84	26.31	30.52	24.46	399.44	389.19	0.292	4.341	0.74	11.07	500.2	1800	628	87.65	-3.92	-0.0437	1.0	-0.22	2.74	1.00	0.00	0.16	111115
"18:12:54 d6 again, try with princess"
"18:12:58 Launched AutoProg /User/Configs/AutoProgs/A-CiCurve"
196	"18:14:00"	57366.0	0	2.25	0.033	260	1.67	4.37	31.23	6	1.42	1	2.84	26.45	31.23	24.54	399.99	396.50	0.290	2.293	0.73	5.80	500.2	1799	89	87.66	-3.81	-0.00581	0.7	-0.22	2.74	1.00	0.00	0.16	111115
197	"18:15:20"	57446.0	0	1.33	0.0326	211	1.66	4.38	31.29	6	1.42	1	2.84	26.50	31.29	24.60	299.82	297.63	0.300	2.285	0.76	5.76	500.2	1799	90	87.66	-3.21	-0.00332	1.0	-0.22	2.74	1.00	0.00	0.16	111115
198	"18:16:38"	57524.0	0	0.503	0.0323	159	1.64	4.39	31.31	6	1.42	1	2.84	26.53	31.31	24.62	199.93	198.93	0.307	2.273	0.77	5.73	500.2	1800	89	87.67	-2.78	-0.00753	0.7	-0.22	2.74	1.00	0.00	0.16	111115
199	"18:18:04"	57610.0	0	-0.325	0.0324	108	1.64	4.36	31.19	6	1.42	1	2.84	26.55	31.19	24.64	99.71	99.91	0.309	2.273	0.78	5.72	500.1	1800	89	87.67	-2.63	-0.00672	1.0	-0.22	2.74	1.00	0.00	0.16	111115
200	"18:19:21"	57687.0	0	-0.715	0.0322	81.3	1.64	4.4	31.34	6	1.42	1	2.84	26.52	31.34	24.62	50.11	50.86	0.303	2.271	0.76	5.72	500.2	1800	88	87.67	-2.8	-0.00723	1.0	-0.22	2.74	1.00	0.00	0.16	111115
201	"18:21:20"	57806.0	0	2.78	0.0326	233	1.66	4.41	31.37	6	1.42	1	2.84	26.54	31.37	24.63	400.67	396.54	0.299	2.291	0.75	5.76	500.2	1799	88	87.67	-3.84	-0.0104	1.0	-0.22	2.74	1.00	0.00	0.16	111115
202	"18:22:20"	57865.5	0	2.81	0.0335	234	1.71	4.41	31.38	6	1.42	1	2.84	26.54	31.38	24.62	399.72	395.53	0.299	2.346	0.75	5.90	500.0	1800	87	87.67	-3.77	-0.00774	0.7	-0.22	2.74	1.00	0.00	0.16	111115
203	"18:24:19"	57985.0	0	5.28	0.0351	313	1.78	4.38	31.33	6	1.42	1	2.84	26.48	31.33	24.56	600.96	593.35	0.301	2.436	0.76	6.15	500.1	1801	86	87.68	-5.34	-0.011	1.0	-0.22	2.74	1.00	0.00	0.16	111115
204	"18:25:51"	58077.0	0	7.7	0.0361	396	1.82	4.36	31.26	6	1.42	1	2.84	26.41	31.26	24.49	800.20	789.24	0.306	2.488	0.77	6.31	500.3	1801	85	87.67	-7.39	-0.013	0.7	-0.22	2.74	1.00	0.00	0.16	111115
205	"18:28:01"	58207.0	0	12.3	0.0379	585	1.9	4.33	31.17	6	1.42	1	2.84	26.35	31.17	24.43	1197.94	1180.51	0.311	2.583	0.79	6.58	500.3	1802	82	87.68	-12.3	-0.0154	0.7	-0.22	2.74	1.00	0.00	0.16	111115
206	"18:30:00"	58326.0	0	16.1	0.0377	791	1.87	4.3	31.05	6	1.42	1	2.84	26.23	31.05	24.32	1600.12	1577.28	0.310	2.552	0.80	6.54	500.1	1800	82	87.68	-18.4	-0.0149	0.7	-0.22	2.74	1.00	0.00	0.16	111115
207	"18:32:10"	58456.0	0	18.9	0.0362	1.01E+03	1.79	4.28	30.93	6	1.42	1	2.84	26.16	30.93	24.25	1999.57	1972.71	0.316	2.463	0.81	6.34	500.2	1801	80	87.68	-26	-0.0115	0.7	-0.22	2.74	1.00	0.00	0.16	111115
"18:33:35 Warning! Large Deltas in match: CO2=-22.3, H2O=0.00"
208	"18:33:54"	58560.0	0	2.71	0.0339	241	1.68	4.28	30.91	6	1.42	1	2.84	26.11	30.91	24.20	399.40	395.35	0.323	2.338	0.83	6.04	500.2	1801	80	87.68	-3.73	-0.0135	1.0	-0.22	2.74	1.00	0.00	0.16	111115
