"OPEN 6.1.4"
"Wed Jul  9 2014 12:21:12"
<open><version>"6.1.4"</version></open>
<open><configfile>"/User/Configs/UserPrefs/LED2x3.xml"</configfile></open>
<open><light><source>"6400-02 or -02B LED Source"</source><par_in>1 <sensor>"SI-2113"<cal>-0.90<actinity>1.00</actinity><transm>1.00</transm></cal></sensor><transm>1 </transm></par_in><par_out>1 <sensor>"Q37417"<cal>6.95 </cal></sensor></par_out></light></open>
<open><comps><file>"/User/Configs/Comps/StdComps_6.1"<header>""</header><extras></extras></file><energybal>no<f_parIn>1 </f_parIn><f_parOut>0 </f_parOut><alphaK>0.16</alphaK></energybal><bc_total>2.840<stomatal_ratio>1</stomatal_ratio><bc_oneside>1.420<type>2 </type><table>"/Sys/Lib/StdBLCTable"</table><area>6</area><slope>-0.219565 </slope><offset>2.73739 </offset><fan>5 </fan></bc_oneside></bc_total></comps></open>
<open><prompts><onlog>off</onlog><items>"Default (none)"</items></prompts></open>
<open><constants><oxygen>21 %</oxygen><bb_vapor>1.5 </bb_vapor><bb_oxy>0.9 </bb_oxy></constants></open>
<open><stability><items>"Std Stability"<items[1]><id>-2 </id><size>15 </size><pcv><onoff>0 </onoff><value>1 </value></pcv><std><onoff>0 </onoff><value>1 </value></std><slp><onoff>1 </onoff><value>1 </value></slp></items[1]><items[2]><id>-5 </id><size>15 </size><pcv><onoff>0 </onoff><value>1 </value></pcv><std><onoff>0 </onoff><value>1 </value></std><slp><onoff>1 </onoff><value>1 </value></slp></items[2]><items[3]><id>-7 </id><size>15 </size><pcv><onoff>0 </onoff><value>1 </value></pcv><std><onoff>0 </onoff><value>1 </value></std><slp><onoff>1 </onoff><value>1 </value></slp></items[3]></items></stability></open>
<open><log><format>"StdLogFmt_6.0"<items>{ -35  -21  -36  -76  30  23  36  21  25  221  -33  111  -34  11  -9  -10  -8  -1  -2  -4  -5  -14  -15  -7  -12  -13  -11  -65  -66  -72  -18  -19  -77  -78  -79  -23   }<hdr>{  }</hdr></items></format><options><beep>on</beep><hdr>normal</hdr><rem>normal</rem><stab>no</stab><stats>no<period>15 </period></stats><excel>yes</excel><comm>no</comm></options><datafile>"/User/07-09-2014-pita-aci-punch-ims"</datafile><button><action>"Normal Log"<code>" LogOneObsManual "</code></action></button><autoprog>"/User/Configs/AutoProgs/AutoLog"<active>no</active></autoprog></log></open>
<open><a2d><avgtime>4.0 secs</avgtime><userchans><ch20>"Off"</ch20><ch21>"Off"</ch21><ch22>"Off"</ch22><ch23>"Off"</ch23></userchans></a2d></open>
<open><matching><type>0 </type><disp>'a'</disp><settings><CO2Limit>10.0</CO2Limit><H2OLimit>1.0</H2OLimit><MaxAutoTime>60 </MaxAutoTime></settings></matching></open>
<li6400><factory><unit>"PSC-2044"</unit><serviced>"19 Mar 2013"</serviced><fuseaware>0 </fuseaware><co2mixer>yes</co2mixer><co2><coeffs>{ 0  0.20975  3.60275e-05  1.30431e-08  -1.27414e-12  1.37212e-16   }</coeffs><dvdt>-3.3 </dvdt><xs>{ 0.0002  -0.001   }</xs></co2><h2o><coeffs>{ 0  0.005751  2.2308e-06  -3.0317e-12   }</coeffs><dvdt>-3 </dvdt><xs>{ -0.0026  1e-04   }</xs></h2o><flow>{ 0  0.3631   }</flow><press>{ 88.237  0.00557   }</press></factory></li6400>
<li6400><user><flow_zero>-159.9</flow_zero><irga_zero><co2>74.1 74.1<at>27.6068 </at></co2><h2o>35.1 35.1<at>28.3719 </at></h2o></irga_zero><irga_span><co2>{ 0.988644  0.989341   }</co2><h2o>{ 0.995496  1.00218   }</h2o></irga_span><irga_match><co2>{ -1.15032  14.8367   }</co2><h2o>{ -0.0064105  0.260172   }</h2o></irga_match><co2_mixer><pump_mv>4500 </pump_mv><ppm>{ 2641.61  1213.04  470.874  285.261  131.484  79.0635  54.0387  44.657   }</ppm><mv>{ 5000  3000  1500  1000  500  300  200  100   }</mv></co2_mixer><parin_offset>0 </parin_offset><led_cal><unit>"SI-2113"</unit><mv>{ 10  25  50  100  1000  2000  3000  4000  5000   }</mv><qntm>{ 3.24371  12.6745  27.8474  62.6479  714.013  1409.47  2070.9  2707.32  3313.68   }</qntm></led_cal><lcf_cal><unit>"unknown"</unit><red><mv>{ 50  100  500  1000  1500  5000   }</mv><qntm>{ 50  100  500  1000  2000  5000   }</qntm></red><blue><mv>{ 100  200  500  1000  2000  5000   }</mv><qntm>{ 10  20  50  100  200  500   }</qntm></blue></lcf_cal></user></li6400>
"12:21:22 hi min co2"
$STARTOFDATA$
"Obs"	"HHMMSS"	"FTime"	"EBal?"	"Photo"	"Cond"	"Ci"	"Trmmol"	"VpdL"	"CTleaf"	"Area"	"BLC_1"	"StmRat"	"BLCond"	"Tair"	"Tleaf"	"TBlk"	"CO2R"	"CO2S"	"H2OR"	"H2OS"	"RH_R"	"RH_S"	"Flow"	"PARi"	"PARo"	"Press"	"CsMch"	"HsMch"	"StableF"	"BLCslope"	"BLCoffst"	"f_parin"	"f_parout"	"alphaK"	"Status"
"12:25:37 Launched AutoProg /User/Configs/AutoProgs/A-CiCurve"
"12:26:10 b12"
"12:26:14 Launched AutoProg /User/Configs/AutoProgs/A-CiCurve"
1	"12:27:18"	410.0	0	22.4	0.512	274	11.5	2.28	26.61	6	1.42	1	2.84	25.93	26.61	24.29	400.00	368.02	0.102	13.733	0.27	36.14	499.2	1800	1208	88.44	22.5	0.294	1.0	-0.22	2.74	1.00	0.00	0.16	111115
2	"12:28:47"	500.0	0	16.5	0.509	206	11.4	2.27	26.49	6	1.42	1	2.84	25.62	26.49	23.98	298.93	275.33	0.103	13.605	0.28	36.47	499.2	1800	1236	88.43	20.2	0.313	1.0	-0.22	2.74	1.00	0.00	0.16	111115
3	"12:29:53"	565.5	0	10	0.504	141	11.3	2.27	26.44	6	1.42	1	2.84	25.45	26.44	23.83	199.02	184.50	0.105	13.483	0.28	36.50	499.2	1800	1250	88.43	18.2	0.309	0.7	-0.22	2.74	1.00	0.00	0.16	111115
4	"12:31:14"	646.0	0	3.05	0.496	78.9	11.2	2.28	26.41	6	1.42	1	2.84	25.27	26.41	23.63	98.67	93.75	0.103	13.337	0.28	36.51	499.2	1801	1243	88.43	15.8	0.313	1.0	-0.22	2.74	1.00	0.00	0.16	111115
5	"12:32:18"	710.5	0	-0.148	0.491	46.7	11.1	2.29	26.43	6	1.42	1	2.84	25.18	26.43	23.51	48.63	48.17	0.108	13.293	0.30	36.58	499.2	1801	1222	88.43	14.4	0.262	0.7	-0.22	2.74	1.00	0.00	0.16	111115
6	"12:34:29"	841.0	0	21.1	0.478	285	10.9	2.29	26.34	6	1.42	1	2.84	25.00	26.34	23.32	409.70	379.42	0.108	13.028	0.30	36.23	499.2	1800	1235	88.43	22.2	0.235	0.7	-0.22	2.74	1.00	0.00	0.16	111125
7	"12:35:44"	916.5	0	21.1	0.47	284	10.8	2.3	26.31	6	1.42	1	2.84	24.90	26.31	23.22	410.15	379.92	0.111	12.884	0.31	36.04	499.1	1800	1234	88.43	22.4	0.246	0.7	-0.22	2.74	1.00	0.00	0.16	111125
8	"12:37:55"	1047.5	0	25.9	0.454	437	10.5	2.32	26.30	6	1.42	1	2.84	24.79	26.30	23.11	600.15	561.89	0.111	12.615	0.31	35.51	499.2	1800	1208	88.42	25.6	0.244	0.7	-0.22	2.74	1.00	0.00	0.16	111125
9	"12:39:31"	1143.5	0	26.9	0.439	618	10.3	2.34	26.29	6	1.42	1	2.84	24.71	26.29	23.02	800.34	758.60	0.110	12.363	0.31	34.99	499.1	1799	1125	88.42	28.4	0.248	1.0	-0.22	2.74	1.00	0.00	0.16	111125
10	"12:41:12"	1244.5	0	25.1	0.424	1E+03	10	2.34	26.17	6	1.42	1	2.84	24.53	26.17	22.84	1201.36	1157.21	0.112	12.029	0.32	34.40	499.1	1800	1193	88.42	33.5	0.263	0.7	-0.22	2.74	1.00	0.00	0.16	111125
11	"12:43:10"	1362.5	0	25.1	0.407	1.38E+03	9.76	2.36	26.12	6	1.42	1	2.84	24.39	26.12	22.71	1601.18	1552.73	0.110	11.709	0.32	33.76	499.2	1799	1191	88.42	36.3	0.255	1.0	-0.22	2.74	1.00	0.00	0.16	111125
12	"12:44:44"	1456.5	0	26.3	0.397	1.75E+03	9.64	2.38	26.17	6	1.42	1	2.84	24.39	26.17	22.71	2000.21	1946.04	0.110	11.570	0.32	33.37	499.1	1800	1240	88.42	38.3	0.254	0.7	-0.22	2.74	1.00	0.00	0.16	111125
"12:46:07 Warning! Large Deltas in match: CO2=16.5, H2O=0.00"
13	"12:46:26"	1558.5	0	18.1	0.388	276	9.55	2.41	26.26	6	1.42	1	2.84	24.40	26.26	22.71	399.39	373.36	0.111	11.462	0.32	33.03	499.1	1800	1267	88.42	21.8	0.251	0.7	-0.22	2.74	1.00	0.00	0.16	111125
"12:49:44 b12 again"
"12:49:47 Launched AutoProg /User/Configs/AutoProgs/A-CiCurve"
14	"12:51:09"	1841.5	0	20	0.374	263	9.5	2.48	26.54	6	1.42	1	2.84	24.78	26.54	23.09	400.23	371.99	0.114	11.402	0.32	32.12	499.1	1801	1301	88.41	21.9	0.248	1.0	-0.22	2.74	1.00	0.00	0.16	111115
15	"12:52:39"	1931.5	0	14.8	0.372	197	9.48	2.49	26.58	6	1.42	1	2.84	24.73	26.58	23.04	299.29	278.39	0.117	11.387	0.33	32.17	499.2	1799	1284	88.41	20	0.251	1.0	-0.22	2.74	1.00	0.00	0.16	111115
16	"12:53:48"	2000.0	0	8.96	0.367	135	9.41	2.49	26.58	6	1.42	1	2.84	24.66	26.58	22.96	198.45	185.57	0.117	11.302	0.33	32.06	499.2	1800	1338	88.41	17.9	0.254	1.0	-0.22	2.74	1.00	0.00	0.16	111115
17	"12:55:05"	2077.5	0	2.84	0.364	77.5	9.35	2.5	26.57	6	1.42	1	2.84	24.60	26.57	22.89	99.72	95.24	0.118	11.235	0.34	31.99	499.2	1800	1335	88.41	15.5	0.252	1.0	-0.22	2.74	1.00	0.00	0.16	111115
18	"12:56:08"	2140.5	0	-0.443	0.363	49.4	9.38	2.51	26.64	6	1.42	1	2.84	24.65	26.64	22.94	49.49	49.46	0.120	11.268	0.34	31.99	499.2	1800	1306	88.41	14.4	0.254	1.0	-0.22	2.74	1.00	0.00	0.16	111115
19	"12:58:19"	2271.5	0	19.6	0.361	264	9.39	2.52	26.73	6	1.42	1	2.84	24.75	26.73	23.04	403.03	375.20	0.126	11.284	0.35	31.84	499.2	1799	1325	88.4	22.2	0.259	1.0	-0.22	2.74	1.00	0.00	0.16	111115
20	"13:00:29"	2401.0	0	19.7	0.355	258	9.37	2.56	26.87	6	1.42	1	2.84	24.90	26.87	23.21	399.34	371.46	0.130	11.263	0.36	31.50	499.2	1800	1335	88.4	22.2	0.259	0.7	-0.22	2.74	1.00	0.00	0.16	111115
21	"13:02:33"	2525.0	0	26	0.347	407	9.27	2.58	26.93	6	1.42	1	2.84	24.95	26.93	23.22	599.87	562.31	0.134	11.150	0.37	31.09	499.2	1800	1377	88.4	25.7	0.262	1.0	-0.22	2.74	1.00	0.00	0.16	111115
22	"13:04:09"	2621.0	0	27.1	0.343	587	9.26	2.6	27.04	6	1.42	1	2.84	25.06	27.04	23.35	799.85	758.84	0.137	11.139	0.38	30.87	499.2	1799	1376	88.4	29	0.269	1.0	-0.22	2.74	1.00	0.00	0.16	111115
23	"13:06:19"	2751.0	0	26.7	0.332	964	9.08	2.63	27.08	6	1.42	1	2.84	25.08	27.08	23.37	1201.06	1156.32	0.140	10.934	0.39	30.26	499.2	1800	1388	88.39	34	0.276	1.0	-0.22	2.74	1.00	0.00	0.16	111115
24	"13:08:29"	2881.0	0	26.9	0.318	1.33E+03	8.85	2.67	27.14	6	1.42	1	2.84	25.08	27.14	23.38	1600.56	1551.69	0.146	10.671	0.41	29.52	499.2	1800	1361	88.39	37.4	0.278	1.0	-0.22	2.74	1.00	0.00	0.16	111115
25	"13:10:07"	2979.0	0	27.9	0.311	1.7E+03	8.75	2.69	27.19	6	1.42	1	2.84	25.12	27.19	23.41	2001.49	1947.44	0.149	10.554	0.41	29.12	499.2	1801	1377	88.39	40.3	0.278	1.0	-0.22	2.74	1.00	0.00	0.16	111115
"13:11:28 Warning! Large Deltas in match: CO2=18.0, H2O=-0.00"
26	"13:11:48"	3080.0	0	17.2	0.302	259	8.61	2.72	27.26	6	1.42	1	2.84	25.16	27.26	23.44	399.24	374.65	0.149	10.385	0.41	28.60	499.2	1801	1302	88.39	22.3	0.28	0.7	-0.22	2.74	1.00	0.00	0.16	111115
"13:14:01 h8"
"13:14:05 Launched AutoProg /User/Configs/AutoProgs/A-CiCurve"
27	"13:15:17"	3289.5	0	18.2	0.641	305	12.4	2.05	25.93	6	1.42	1	2.84	25.37	25.93	23.73	399.73	372.26	0.151	14.869	0.41	40.45	499.2	1799	1143	88.4	22.2	0.29	1.0	-0.22	2.74	1.00	0.00	0.16	111115
28	"13:16:59"	3391.5	0	14	0.631	228	12.4	2.06	25.99	6	1.42	1	2.84	25.30	25.99	23.66	300.62	279.61	0.156	14.815	0.43	40.44	499.2	1799	1191	88.39	20.1	0.226	0.7	-0.22	2.74	1.00	0.00	0.16	111115
29	"13:18:16"	3468.0	0	8.43	0.627	154	12.3	2.07	25.98	6	1.42	1	2.84	25.21	25.98	23.54	198.87	185.98	0.159	14.752	0.44	40.49	499.2	1800	1214	88.39	18	0.222	1.0	-0.22	2.74	1.00	0.00	0.16	111115
30	"13:19:36"	3548.0	0	2.66	0.622	83.2	12.3	2.07	25.96	6	1.42	1	2.84	25.17	25.96	23.49	99.28	94.69	0.160	14.692	0.44	40.43	499.2	1800	1246	88.39	15.7	0.224	1.0	-0.22	2.74	1.00	0.00	0.16	111115
31	"13:20:39"	3611.5	0	-0.32	0.615	48.2	12.2	2.08	25.96	6	1.42	1	2.84	25.12	25.96	23.45	49.36	49.03	0.160	14.598	0.44	40.29	499.2	1800	1249	88.38	14.6	0.225	1.0	-0.22	2.74	1.00	0.00	0.16	111115
32	"13:22:13"	3705.5	0	21.9	0.605	392	12.1	2.08	25.94	6	1.42	1	2.84	25.14	25.94	23.48	509.92	476.68	0.163	14.465	0.45	39.89	499.2	1800	1264	88.39	24.2	0.238	0.7	-0.22	2.74	1.00	0.00	0.16	111115
33	"13:24:24"	3836.5	0	17.8	0.59	304	12	2.11	26.00	6	1.42	1	2.84	25.17	26.00	23.51	400.38	373.67	0.165	14.331	0.45	39.44	499.2	1800	1275	88.39	22.2	0.239	1.0	-0.22	2.74	1.00	0.00	0.16	111115
34	"13:26:35"	3967.0	0	24.3	0.572	463	11.7	2.11	25.89	6	1.42	1	2.84	25.02	25.89	23.33	599.98	562.81	0.171	14.029	0.47	38.96	499.2	1801	1233	88.39	25.7	0.242	1.0	-0.22	2.74	1.00	0.00	0.16	111115
35	"13:28:26"	4078.5	0	26.1	0.556	643	11.5	2.14	25.93	6	1.42	1	2.84	25.01	25.93	23.37	799.99	758.13	0.179	13.856	0.50	38.49	499.2	1799	1180	88.39	28.8	0.252	1.0	-0.22	2.74	1.00	0.00	0.16	111115
36	"13:30:07"	4179.5	0	27.2	0.542	1.02E+03	11.5	2.17	26.07	6	1.42	1	2.84	25.11	26.07	23.46	1200.50	1151.88	0.187	13.786	0.52	38.08	499.2	1800	1227	88.39	33.7	0.257	0.7	-0.22	2.74	1.00	0.00	0.16	111115
37	"13:32:16"	4308.5	0	27.9	0.524	1.39E+03	11.3	2.2	26.13	6	1.42	1	2.84	25.14	26.13	23.49	1599.59	1545.10	0.191	13.583	0.53	37.44	499.2	1801	1248	88.38	37.3	0.258	1.0	-0.22	2.74	1.00	0.00	0.16	111115
38	"13:33:55"	4407.5	0	30	0.508	1.75E+03	11.2	2.23	26.24	6	1.42	1	2.84	25.20	26.24	23.56	2000.07	1937.96	0.198	13.458	0.54	36.97	499.2	1800	1229	88.38	39.8	0.259	1.0	-0.22	2.74	1.00	0.00	0.16	111115
"13:35:17 Warning! Large Deltas in match: CO2=17.4, H2O=0.01"
39	"13:35:36"	4508.0	0	16.6	0.497	299	11.2	2.27	26.42	6	1.42	1	2.84	25.35	26.42	23.68	399.36	374.35	0.201	13.443	0.55	36.61	499.2	1801	1239	88.38	22.3	0.25	0.7	-0.22	2.74	1.00	0.00	0.16	111115
"13:46:39 a19"
"13:46:42 Launched AutoProg /User/Configs/AutoProgs/A-CiCurve"
40	"13:47:45"	5237.5	0	13.9	0.206	247	7.12	3.19	28.73	6	1.42	1	2.84	25.98	28.73	24.29	399.90	380.00	0.266	8.747	0.70	22.94	499.2	1801	795	88.38	22.9	0.361	1.0	-0.22	2.74	1.00	0.00	0.16	111115
41	"13:49:09"	5321.5	0	10	0.195	185	6.9	3.25	28.92	6	1.42	1	2.84	26.06	28.92	24.34	300.90	286.46	0.285	8.513	0.74	22.22	499.2	1800	637	88.38	20.9	0.305	1.0	-0.22	2.74	1.00	0.00	0.16	111115
42	"13:50:18"	5390.0	0	5.84	0.187	127	6.72	3.3	29.06	6	1.42	1	2.84	26.12	29.06	24.39	198.50	189.94	0.298	8.309	0.77	21.61	499.2	1799	754	88.38	18.5	0.302	1.0	-0.22	2.74	1.00	0.00	0.16	111115
43	"13:51:44"	5476.5	0	1.66	0.178	74.7	6.58	3.37	29.29	6	1.42	1	2.84	26.22	29.29	24.49	98.47	95.71	0.313	8.152	0.81	21.07	499.2	1799	715	88.38	16.1	0.305	1.0	-0.22	2.74	1.00	0.00	0.16	111115
44	"13:53:13"	5565.0	0	-0.631	0.172	52.7	6.47	3.43	29.52	6	1.42	1	2.84	26.41	29.52	24.69	49.37	49.74	0.330	8.043	0.84	20.56	499.2	1800	667	88.38	15.1	0.309	1.0	-0.22	2.74	1.00	0.00	0.16	111115
45	"13:55:06"	5678.5	0	13	0.17	241	6.53	3.5	29.82	6	1.42	1	2.84	26.70	29.82	24.95	408.34	389.71	0.355	8.142	0.89	20.46	499.2	1800	624	88.37	23.5	0.306	0.7	-0.22	2.74	1.00	0.00	0.16	111115
46	"13:57:04"	5796.5	0	12.9	0.168	233	6.53	3.54	29.99	6	1.42	1	2.84	26.86	29.99	25.11	400.33	381.85	0.380	8.164	0.95	20.32	499.2	1799	521	88.37	23.3	0.309	1.0	-0.22	2.74	1.00	0.00	0.16	111115
47	"13:58:51"	5903.5	0	19.5	0.163	341	6.43	3.58	30.12	6	1.42	1	2.84	26.99	30.12	25.24	599.48	571.60	0.402	8.065	0.99	19.92	499.2	1799	509	88.37	26.9	0.305	1.0	-0.22	2.74	1.00	0.00	0.16	111115
48	"14:00:52"	6024.5	0	23.6	0.157	473	6.23	3.6	30.14	6	1.42	1	2.84	27.04	30.14	25.31	800.35	766.21	0.416	7.850	1.02	19.33	499.2	1799	229	88.37	30.4	0.319	1.0	-0.22	2.74	1.00	0.00	0.16	111115
49	"14:02:32"	6124.5	0	25.8	0.151	809	5.92	3.56	29.84	6	1.42	1	2.84	26.77	29.84	25.04	1200.65	1161.32	0.417	7.479	1.04	18.72	499.2	1801	351	88.37	35.6	0.317	0.7	-0.22	2.74	1.00	0.00	0.16	111115
50	"14:04:42"	6254.0	0	27	0.145	1.16E+03	5.73	3.56	29.78	6	1.42	1	2.84	26.60	29.78	24.87	1600.36	1557.24	0.437	7.270	1.10	18.38	499.2	1799	334	88.37	38.8	0.315	0.7	-0.22	2.74	1.00	0.00	0.16	111115
51	"14:06:21"	6353.0	0	28.7	0.141	1.5E+03	5.61	3.6	29.86	6	1.42	1	2.84	26.60	29.86	24.85	1999.31	1951.62	0.454	7.147	1.15	18.06	499.2	1801	310	88.37	42.2	0.31	0.7	-0.22	2.74	1.00	0.00	0.16	111115
"14:07:51 Warning! Large Deltas in match: CO2=19.2, H2O=-0.00"
52	"14:08:10"	6462.0	0	11	0.136	229	5.48	3.62	29.92	6	1.42	1	2.84	26.55	29.92	24.78	399.93	384.13	0.465	7.007	1.18	17.76	499.2	1801	260	88.36	23	0.31	0.7	-0.22	2.74	1.00	0.00	0.16	111115
"14:18:00 a13"
"14:18:04 Launched AutoProg /User/Configs/AutoProgs/A-CiCurve"
53	"14:19:37"	7149.0	0	17.5	0.32	263	9.73	2.91	28.81	6	1.42	1	2.84	26.77	28.81	25.06	402.19	376.70	0.580	12.132	1.45	30.35	499.2	1799	201	88.35	22.8	0.274	1.0	-0.22	2.74	1.00	0.00	0.16	111115
54	"14:21:05"	7237.5	0	13	0.322	197	9.75	2.9	28.79	6	1.42	1	2.84	26.70	28.79	24.98	299.74	280.88	0.589	12.168	1.48	30.58	499.2	1800	200	88.35	20.8	0.269	1.0	-0.22	2.74	1.00	0.00	0.16	111115
55	"14:22:14"	7306.5	0	7.57	0.32	137	9.74	2.9	28.80	6	1.42	1	2.84	26.67	28.80	24.94	198.69	187.39	0.605	12.164	1.52	30.61	499.2	1801	200	88.35	18.6	0.266	1.0	-0.22	2.74	1.00	0.00	0.16	111115
56	"14:23:36"	7388.5	0	2.08	0.317	79.9	9.67	2.91	28.84	6	1.42	1	2.84	26.66	28.84	24.94	99.82	96.19	0.631	12.116	1.59	30.51	499.2	1800	200	88.35	16.3	0.264	1.0	-0.22	2.74	1.00	0.00	0.16	111115
57	"14:24:39"	7451.0	0	-0.415	0.313	49.4	9.61	2.92	28.87	6	1.42	1	2.84	26.66	28.87	24.95	49.81	49.73	0.658	12.075	1.66	30.41	499.2	1800	200	88.35	15	0.265	1.0	-0.22	2.74	1.00	0.00	0.16	111115
58	"14:26:50"	7582.0	0	17.7	0.304	257	9.32	2.91	28.72	6	1.42	1	2.84	26.49	28.72	24.77	400.96	375.47	0.743	11.811	1.89	30.04	499.2	1800	217	88.35	22.9	0.271	1.0	-0.22	2.74	1.00	0.00	0.16	111115
59	"14:28:51"	7703.5	0	17.8	0.296	253	9.26	2.96	28.96	6	1.42	1	2.84	26.66	28.96	24.98	400.37	374.84	0.876	11.874	2.21	29.89	499.2	1800	201	88.35	23	0.267	1.0	-0.22	2.74	1.00	0.00	0.16	111115
60	"14:30:57"	7829.5	0	25.7	0.288	382	9.11	2.99	29.09	6	1.42	1	2.84	26.75	29.09	25.04	600.57	563.52	1.071	11.896	2.68	29.80	499.2	1801	202	88.34	26.6	0.276	1.0	-0.22	2.74	1.00	0.00	0.16	111115
61	"14:32:46"	7938.5	0	29	0.28	541	8.88	2.99	29.08	6	1.42	1	2.84	26.69	29.08	24.98	799.36	756.42	1.300	11.851	3.27	29.78	499.2	1800	203	88.34	30	0.282	1.0	-0.22	2.74	1.00	0.00	0.16	111115
62	"14:34:25"	8037.0	0	30.1	0.272	904	8.7	3.01	29.17	6	1.42	1	2.84	26.69	29.17	24.99	1201.25	1152.97	1.559	11.895	3.92	29.90	499.2	1800	201	88.34	35.5	0.285	0.7	-0.22	2.74	1.00	0.00	0.16	111115
63	"14:36:36"	8168.0	0	30.7	0.262	1.27E+03	8.46	3.02	29.28	6	1.42	1	2.84	26.73	29.28	25.05	1600.01	1547.33	1.986	12.033	4.98	30.17	499.2	1799	201	88.34	39.1	0.312	0.7	-0.22	2.74	1.00	0.00	0.16	111115
64	"14:38:11"	8263.5	0	32.1	0.255	1.63E+03	8.31	3.05	29.44	6	1.42	1	2.84	26.82	29.44	25.13	2001.00	1943.01	2.347	12.215	5.86	30.48	499.2	1799	203	88.34	42.2	0.314	0.7	-0.22	2.74	1.00	0.00	0.16	111115
"14:39:42 Warning! Large Deltas in match: CO2=19.2, H2O=-0.00"
65	"14:40:01"	8373.5	0	15.7	0.248	251	8.18	3.07	29.65	6	1.42	1	2.84	26.92	29.65	25.20	399.75	377.19	2.790	12.499	6.92	31.00	499.2	1801	203	88.33	23	0.316	1.0	-0.22	2.74	1.00	0.00	0.16	111115
"14:46:12 e3"
"14:46:15 Launched AutoProg /User/Configs/AutoProgs/A-CiCurve"
66	"14:47:31"	8823.5	0	20.6	0.532	284	11.6	2.21	28.30	6	1.42	1	2.84	27.27	28.30	25.62	399.31	369.39	5.114	18.749	12.42	45.54	499.2	1800	1448	88.34	23.1	0.324	1.0	-0.22	2.74	1.00	0.00	0.16	111115
67	"14:49:17"	8929.5	0	15.6	0.525	212	11.4	2.21	28.36	6	1.42	1	2.84	27.25	28.36	25.57	299.59	277.07	5.425	18.893	13.19	45.95	499.2	1801	1407	88.34	21	0.252	1.0	-0.22	2.74	1.00	0.00	0.16	111115
68	"14:50:26"	8998.0	0	9.64	0.518	144	11.3	2.22	28.44	6	1.42	1	2.84	27.24	28.44	25.57	198.94	184.84	5.610	18.988	13.65	46.21	499.2	1799	1392	88.34	18.6	0.253	1.0	-0.22	2.74	1.00	0.00	0.16	111115
69	"14:51:44"	9076.5	0	2.76	0.51	80.2	11.3	2.23	28.55	6	1.42	1	2.84	27.27	28.55	25.61	98.34	93.75	5.806	19.101	14.10	46.39	499.2	1798	1337	88.34	16.3	0.256	1.0	-0.22	2.74	1.00	0.00	0.16	111115
70	"14:53:09"	9161.5	0	-0.706	0.497	50.5	11.1	2.25	28.64	6	1.42	1	2.84	27.31	28.64	25.62	49.76	49.94	6.025	19.140	14.60	46.38	499.2	1801	1184	88.33	15	0.261	1.0	-0.22	2.74	1.00	0.00	0.16	111115
71	"14:55:20"	9292.5	0	20.6	0.477	279	10.8	2.27	28.75	6	1.42	1	2.84	27.37	28.75	25.69	401.03	371.38	6.375	19.158	15.40	46.28	499.2	1799	1145	88.33	23	0.276	1.0	-0.22	2.74	1.00	0.00	0.16	111115
72	"14:56:21"	9353.5	0	20.8	0.466	276	10.7	2.29	28.83	6	1.42	1	2.84	27.40	28.83	25.72	400.25	370.49	6.547	19.182	15.78	46.24	499.2	1799	1018	88.33	22.9	0.28	1.0	-0.22	2.74	1.00	0.00	0.16	111115
73	"14:58:32"	9484.0	0	28.2	0.447	424	10.4	2.31	28.94	6	1.42	1	2.84	27.43	28.94	25.75	600.32	559.37	6.930	19.234	16.68	46.29	499.2	1801	1432	88.33	26.7	0.289	1.0	-0.22	2.74	1.00	0.00	0.16	111115
74	"15:00:13"	9585.5	0	31.2	0.432	593	10.2	2.33	29.05	6	1.42	1	2.84	27.43	29.05	25.74	799.00	752.30	7.244	19.297	17.44	46.44	499.2	1801	1415	88.33	29.9	0.296	1.0	-0.22	2.74	1.00	0.00	0.16	111115
75	"15:02:24"	9716.5	0	30.2	0.414	974	9.86	2.33	29.06	6	1.42	1	2.84	27.32	29.06	25.64	1200.14	1150.25	7.662	19.279	18.55	46.68	499.2	1799	1277	88.33	35	0.31	0.7	-0.22	2.74	1.00	0.00	0.16	111115
76	"15:04:13"	9825.5	0	31	0.401	1.34E+03	9.67	2.35	29.17	6	1.42	1	2.84	27.38	29.17	25.68	1599.92	1544.73	7.973	19.367	19.25	46.75	499.2	1801	1487	88.33	39.2	0.319	0.7	-0.22	2.74	1.00	0.00	0.16	111115
77	"15:05:52"	9924.5	0	31.8	0.391	1.71E+03	9.49	2.36	29.22	6	1.42	1	2.84	27.38	29.22	25.70	1999.61	1939.29	8.230	19.412	19.86	46.84	499.2	1801	1486	88.33	42.2	0.322	0.7	-0.22	2.74	1.00	0.00	0.16	111115
"15:07:37 Warning! Large Deltas in match: CO2=19.5, H2O=-0.03"
78	"15:07:56"	10048.0	0	18.4	0.381	272	9.23	2.35	29.17	6	1.42	1	2.84	27.27	29.17	25.59	398.43	372.14	8.520	19.395	20.70	47.11	499.2	1800	1443	88.33	22.7	0.348	0.7	-0.22	2.74	1.00	0.00	0.16	111115
"15:09:47 b15"
"15:09:50 Launched AutoProg /User/Configs/AutoProgs/A-CiCurve"
79	"15:10:53"	10225.5	0	17.8	0.291	254	7.77	2.51	29.34	6	1.42	1	2.84	27.43	29.34	25.76	400.34	375.41	8.792	17.966	21.15	43.23	499.2	1800	1624	88.32	22.9	0.407	1.0	-0.22	2.74	1.00	0.00	0.16	111115
80	"15:12:06"	10298.0	0	12.9	0.283	192	7.71	2.56	29.55	6	1.42	1	2.84	27.48	29.55	25.78	299.94	281.88	8.907	18.007	21.37	43.19	499.2	1801	1604	88.31	20.8	0.338	1.0	-0.22	2.74	1.00	0.00	0.16	111115
81	"15:13:14"	10366.0	0	7.53	0.275	133	7.61	2.59	29.66	6	1.42	1	2.84	27.49	29.66	25.76	198.40	187.64	8.994	17.978	21.57	43.11	499.2	1801	1587	88.31	18.6	0.344	1.0	-0.22	2.74	1.00	0.00	0.16	111115
82	"15:14:44"	10456.5	0	2.03	0.266	77.6	7.41	2.6	29.65	6	1.42	1	2.84	27.42	29.65	25.71	98.28	94.99	9.080	17.826	21.86	42.92	499.2	1801	1486	88.31	16.1	0.342	1.0	-0.22	2.74	1.00	0.00	0.16	111115
83	"15:16:07"	10539.0	0	-0.578	0.26	51.4	7.29	2.62	29.68	6	1.42	1	2.84	27.37	29.68	25.69	49.80	50.05	9.140	17.742	22.06	42.83	499.2	1800	1508	88.31	14.8	0.337	1.0	-0.22	2.74	1.00	0.00	0.16	111115
84	"15:18:17"	10669.0	0	17.1	0.255	246	7.1	2.59	29.55	6	1.42	1	2.84	27.19	29.55	25.46	400.82	376.99	9.245	17.628	22.56	43.01	499.2	1801	1611	88.3	22.8	0.347	1.0	-0.22	2.74	1.00	0.00	0.16	111115
85	"15:20:18"	10790.0	0	17.3	0.251	243	7.06	2.61	29.63	6	1.42	1	2.84	27.22	29.63	25.52	400.15	376.20	9.328	17.659	22.72	43.02	499.2	1799	1559	88.3	22.7	0.342	1.0	-0.22	2.74	1.00	0.00	0.16	111115
86	"15:22:17"	10909.5	0	25.8	0.246	362	6.93	2.61	29.61	6	1.42	1	2.84	27.22	29.61	25.52	600.15	564.48	9.412	17.593	22.92	42.84	499.2	1800	1581	88.3	26.5	0.344	1.0	-0.22	2.74	1.00	0.00	0.16	111115
87	"15:24:16"	11028.0	0	31.8	0.24	498	6.75	2.6	29.50	6	1.42	1	2.84	27.06	29.50	25.35	799.02	754.68	9.468	17.434	23.27	42.85	499.2	1800	1601	88.29	29.6	0.346	1.0	-0.22	2.74	1.00	0.00	0.16	111115
88	"15:26:26"	11158.0	0	36.6	0.234	832	6.69	2.64	29.66	6	1.42	1	2.84	27.14	29.66	25.45	1200.77	1147.56	9.520	17.422	23.29	42.62	499.2	1799	1603	88.29	35	0.353	0.7	-0.22	2.74	1.00	0.00	0.16	111115
89	"15:28:36"	11288.0	0	37.9	0.228	1.19E+03	6.57	2.66	29.74	6	1.42	1	2.84	27.20	29.74	25.49	1601.19	1543.50	9.596	17.361	23.39	42.32	499.2	1801	1646	88.29	38.9	0.355	1.0	-0.22	2.74	1.00	0.00	0.16	111115
90	"15:30:09"	11381.5	0	38.1	0.225	1.56E+03	6.54	2.68	29.82	6	1.42	1	2.84	27.28	29.82	25.58	1998.38	1937.34	9.658	17.377	23.43	42.16	499.2	1800	1657	88.29	42.1	0.381	0.7	-0.22	2.74	1.00	0.00	0.16	111115
"15:31:48 Warning! Large Deltas in match: CO2=19.3, H2O=-0.00"
91	"15:32:08"	11500.5	0	15.7	0.221	241	6.43	2.68	29.79	6	1.42	1	2.84	27.15	29.79	25.43	399.72	377.94	9.729	17.322	23.78	42.34	499.2	1801	1635	88.29	22.8	0.381	1.0	-0.22	2.74	1.00	0.00	0.16	111115
"15:37:20 d14"
"15:37:23 Launched AutoProg /User/Configs/AutoProgs/A-CiCurve"
92	"15:38:35"	11887.5	0	22.8	0.5	272	9.97	2	28.70	6	1.42	1	2.84	27.14	28.70	25.48	399.38	367.57	10.378	22.095	25.38	54.04	499.2	1800	1285	88.29	22.7	0.359	0.7	-0.22	2.74	1.00	0.00	0.16	111115
93	"15:40:02"	11974.5	0	17.1	0.501	204	9.91	1.99	28.64	6	1.42	1	2.84	27.04	28.64	25.40	299.50	275.72	10.461	22.114	25.74	54.41	499.2	1800	1393	88.28	20.5	0.365	1.0	-0.22	2.74	1.00	0.00	0.16	111115
94	"15:41:09"	12041.0	0	10.4	0.503	140	9.91	1.98	28.65	6	1.42	1	2.84	27.03	28.65	25.40	198.75	184.02	10.534	22.186	25.93	54.62	499.2	1800	811	88.28	18.2	0.362	1.0	-0.22	2.74	1.00	0.00	0.16	111115
95	"15:42:20"	12112.5	0	2.94	0.501	80.1	9.8	1.96	28.53	6	1.42	1	2.84	26.88	28.53	25.24	98.68	94.04	10.576	22.094	26.27	54.89	499.2	1801	371	88.28	16	0.363	1.0	-0.22	2.74	1.00	0.00	0.16	111115
96	"15:43:43"	12195.5	0	-0.535	0.496	49.7	9.63	1.95	28.40	6	1.42	1	2.84	26.66	28.40	25.00	49.37	49.44	10.622	21.940	26.73	55.21	499.2	1801	377	88.28	14.4	0.28	1.0	-0.22	2.74	1.00	0.00	0.16	111115
97	"15:45:54"	12326.5	0	22.7	0.493	278	9.26	1.88	27.95	6	1.42	1	2.84	26.14	27.95	24.47	405.34	373.87	10.614	21.509	27.54	55.81	499.2	1800	392	88.27	22	0.286	1.0	-0.22	2.74	1.00	0.00	0.16	111115
98	"15:48:05"	12457.5	0	23.3	0.49	270	9.01	1.84	27.64	6	1.42	1	2.84	25.70	27.64	24.03	400.01	368.03	10.588	21.194	28.20	56.45	499.2	1801	697	88.27	21.9	0.29	1.0	-0.22	2.74	1.00	0.00	0.16	111115
99	"15:50:16"	12588.0	0	31.4	0.489	422	8.9	1.82	27.47	6	1.42	1	2.84	25.46	27.47	23.81	600.10	556.38	10.573	21.041	28.56	56.84	499.2	1799	1307	88.27	25.1	0.286	1.0	-0.22	2.74	1.00	0.00	0.16	111115
100	"15:52:16"	12708.0	0	34.7	0.489	597	9.02	1.85	27.67	6	1.42	1	2.84	25.57	27.67	23.89	799.29	749.50	10.647	21.257	28.57	57.04	499.2	1799	930	88.27	28.1	0.286	1.0	-0.22	2.74	1.00	0.00	0.16	111115
101	"15:54:27"	12839.5	0	34.9	0.484	978	8.97	1.85	27.70	6	1.42	1	2.84	25.58	27.70	23.90	1200.71	1146.37	10.719	21.271	28.75	57.05	499.2	1801	726	88.27	32.8	0.28	0.7	-0.22	2.74	1.00	0.00	0.16	111115
102	"15:56:38"	12970.5	0	34.5	0.482	1.36E+03	8.84	1.83	27.58	6	1.42	1	2.84	25.42	27.58	23.74	1599.71	1541.89	10.770	21.168	29.16	57.32	499.2	1800	724	88.27	36.1	0.287	1.0	-0.22	2.74	1.00	0.00	0.16	111115
103	"15:58:22"	13074.5	0	34.4	0.478	1.75E+03	8.69	1.82	27.43	6	1.42	1	2.84	25.24	27.43	23.56	2001.65	1940.02	10.788	21.012	29.53	57.52	499.2	1799	432	88.27	38.7	0.292	0.7	-0.22	2.74	1.00	0.00	0.16	111115
"15:59:45 Warning! Large Deltas in match: CO2=17.3, H2O=0.01"
104	"16:00:05"	13177.5	0	20.2	0.475	283	8.63	1.82	27.41	6	1.42	1	2.84	25.17	27.41	23.51	399.62	371.52	10.806	20.967	29.70	57.64	499.2	1799	389	88.27	21.4	0.278	0.7	-0.22	2.74	1.00	0.00	0.16	111115
"16:02:26 e14"
"16:02:29 Launched AutoProg /User/Configs/AutoProgs/A-CiCurve"
105	"16:03:54"	13406.5	0	14.6	0.487	309	10.8	2.24	26.03	6	1.42	1	2.84	25.33	26.03	23.71	400.81	378.33	0.101	12.942	0.28	35.23	499.2	1800	452	88.28	21.6	0.249	1.0	-0.22	2.74	1.00	0.00	0.16	111115
106	"16:05:24"	13496.5	0	10.7	0.458	229	10.5	2.29	26.10	6	1.42	1	2.84	25.03	26.10	23.36	298.82	282.35	0.041	12.506	0.11	34.66	499.1	1800	478	88.27	19.6	0.247	1.0	-0.22	2.74	1.00	0.00	0.16	111115
107	"16:06:33"	13565.5	0	6.56	0.437	154	10.3	2.33	26.17	6	1.42	1	2.84	24.90	26.17	23.24	198.51	188.30	0.009	12.188	0.02	34.04	499.1	1799	471	88.27	17.5	0.247	0.7	-0.22	2.74	1.00	0.00	0.16	111115
108	"16:07:56"	13648.0	0	1.9	0.408	84.2	9.89	2.38	26.23	6	1.42	1	2.84	24.74	26.23	23.08	99.99	96.56	-0.016	11.737	-0.04	33.09	499.1	1799	444	88.27	15.2	0.246	1.0	-0.22	2.74	1.00	0.00	0.16	111115
109	"16:09:21"	13733.5	0	-0.334	0.38	49.1	9.49	2.44	26.28	6	1.42	1	2.84	24.62	26.28	22.95	49.89	49.73	-0.036	11.247	-0.10	31.95	499.1	1799	401	88.26	14	0.249	1.0	-0.22	2.74	1.00	0.00	0.16	111115
110	"16:11:32"	13864.5	0	14	0.341	292	8.88	2.51	26.31	6	1.42	1	2.84	24.48	26.31	22.81	400.76	379.87	-0.059	10.504	-0.17	30.08	499.1	1799	377	88.26	21.3	0.253	1.0	-0.22	2.74	1.00	0.00	0.16	111115
111	"16:12:33"	13925.5	0	13.9	0.326	289	8.63	2.54	26.35	6	1.42	1	2.84	24.43	26.35	22.76	399.94	379.35	-0.065	10.203	-0.19	29.31	499.2	1799	378	88.26	21.3	0.257	1.0	-0.22	2.74	1.00	0.00	0.16	111115
112	"16:14:34"	14046.5	0	19.4	0.301	434	8.16	2.58	26.29	6	1.42	1	2.84	24.22	26.29	22.54	599.44	570.57	-0.079	9.636	-0.23	28.02	499.1	1801	368	88.25	24.7	0.263	1.0	-0.22	2.74	1.00	0.00	0.16	111115
113	"16:16:35"	14167.0	0	22.9	0.283	592	7.81	2.61	26.26	6	1.42	1	2.84	24.08	26.26	22.40	799.89	765.16	-0.086	9.220	-0.25	27.04	499.2	1800	394	88.25	27.6	0.26	1.0	-0.22	2.74	1.00	0.00	0.16	111115
114	"16:18:46"	14298.5	0	25.8	0.269	942	7.54	2.65	26.27	6	1.42	1	2.84	23.99	26.27	22.31	1201.05	1159.48	-0.095	8.888	-0.28	26.21	499.1	1800	400	88.25	32	0.264	1.0	-0.22	2.74	1.00	0.00	0.16	111115
115	"16:20:50"	14422.0	0	27.9	0.258	1.3E+03	7.34	2.67	26.30	6	1.42	1	2.84	23.93	26.30	22.26	1599.62	1552.43	-0.098	8.646	-0.29	25.58	499.1	1800	402	88.25	35.4	0.265	1.0	-0.22	2.74	1.00	0.00	0.16	111115
116	"16:22:26"	14518.5	0	30	0.251	1.65E+03	7.22	2.7	26.36	6	1.42	1	2.84	23.95	26.36	22.29	2000.79	1947.85	-0.101	8.504	-0.30	25.12	499.1	1799	458	88.25	37.7	0.269	0.7	-0.22	2.74	1.00	0.00	0.16	111115
"16:23:42 Warning! Large Deltas in match: CO2=16.3, H2O=-0.04"
117	"16:24:01"	14613.5	0	12.1	0.245	279	7.15	2.73	26.48	6	1.42	1	2.84	24.00	26.48	22.35	398.68	380.81	-0.107	8.412	-0.32	24.78	499.1	1800	562	88.25	21.4	0.307	1.0	-0.22	2.74	1.00	0.00	0.16	111115
"16:25:15 e18"
"16:25:17 Launched AutoProg /User/Configs/AutoProgs/A-CiCurve"
118	"16:26:49"	14781.0	0	13.9	0.489	312	11	2.26	26.15	6	1.42	1	2.84	24.94	26.15	23.32	399.74	378.07	-0.101	12.934	-0.28	36.03	499.2	1799	93	88.25	21.4	0.211	0.7	-0.22	2.74	1.00	0.00	0.16	111115
"16:39:05 c17"
"16:39:08 Launched AutoProg /User/Configs/AutoProgs/A-CiCurve"
119	"16:40:48"	15620.0	0	14.9	0.265	259	9.67	3.41	30.66	6	1.42	1	2.84	29.06	30.66	27.35	398.30	376.01	-0.019	11.473	-0.04	25.08	499.1	1800	231	88.23	22.4	0.192	1.0	-0.22	2.74	1.00	0.00	0.16	111125
120	"16:42:21"	15713.5	0	10.7	0.258	197	9.17	3.32	30.08	6	1.42	1	2.84	28.11	30.08	26.40	298.59	282.67	-0.056	10.846	-0.13	25.06	499.2	1799	212	88.23	20.7	0.232	0.7	-0.22	2.74	1.00	0.00	0.16	111115
121	"16:43:33"	15785.5	0	6.39	0.251	135	8.8	3.26	29.67	6	1.42	1	2.84	27.53	29.67	25.81	198.19	188.51	-0.071	10.391	-0.17	24.83	499.2	1801	210	88.23	18.2	0.247	0.7	-0.22	2.74	1.00	0.00	0.16	111115
122	"16:45:01"	15873.5	0	1.7	0.242	79.5	8.36	3.21	29.27	6	1.42	1	2.84	26.95	29.27	25.26	99.72	96.71	-0.085	9.863	-0.21	24.38	499.2	1801	201	88.23	15.9	0.257	1.0	-0.22	2.74	1.00	0.00	0.16	111115
123	"16:46:24"	15956.0	0	-0.254	0.234	48.2	8.01	3.18	28.98	6	1.42	1	2.84	26.49	28.98	24.80	49.33	49.16	-0.092	9.447	-0.23	23.99	499.2	1800	213	88.23	14.4	0.263	1.0	-0.22	2.74	1.00	0.00	0.16	111115
124	"16:48:35"	16087.5	0	14.3	0.226	253	7.66	3.15	28.67	6	1.42	1	2.84	26.03	28.67	24.34	400.41	379.74	-0.100	9.028	-0.26	23.56	499.2	1799	217	88.23	22.2	0.27	1.0	-0.22	2.74	1.00	0.00	0.16	111115
125	"16:49:36"	16148.5	0	14.2	0.221	252	7.48	3.13	28.51	6	1.42	1	2.84	25.82	28.51	24.12	400.58	380.10	-0.103	8.808	-0.27	23.28	499.1	1800	222	88.23	22.3	0.265	1.0	-0.22	2.74	1.00	0.00	0.16	111115
126	"16:51:27"	16259.5	0	20.9	0.216	378	7.24	3.1	28.25	6	1.42	1	2.84	25.48	28.25	23.79	599.99	569.87	-0.107	8.524	-0.29	22.98	499.1	1801	234	88.22	25.6	0.275	1.0	-0.22	2.74	1.00	0.00	0.16	111115
127	"16:53:12"	16364.0	0	25.4	0.214	525	7.12	3.07	28.07	6	1.42	1	2.84	25.29	28.07	23.59	800.19	763.18	-0.110	8.371	-0.30	22.83	499.2	1800	267	88.23	28.6	0.273	1.0	-0.22	2.74	1.00	0.00	0.16	111115
128	"16:55:23"	16495.0	0	28.6	0.212	870	6.97	3.04	27.83	6	1.42	1	2.84	25.04	27.83	23.35	1200.16	1156.04	-0.113	8.195	-0.31	22.69	499.2	1801	260	88.22	33.3	0.274	0.7	-0.22	2.74	1.00	0.00	0.16	111115
129	"16:57:22"	16614.5	0	30.2	0.204	1.22E+03	6.71	3.04	27.72	6	1.42	1	2.84	24.84	27.72	23.16	1599.98	1551.18	-0.115	7.890	-0.32	22.10	499.1	1801	330	88.22	36.2	0.274	1.0	-0.22	2.74	1.00	0.00	0.16	111115
130	"16:59:11"	16723.5	0	31.4	0.197	1.58E+03	6.49	3.03	27.59	6	1.42	1	2.84	24.67	27.59	22.98	2001.15	1948.15	-0.116	7.631	-0.33	21.60	499.1	1800	484	88.22	37.9	0.273	1.0	-0.22	2.74	1.00	0.00	0.16	111115
"17:00:43 Warning! Large Deltas in match: CO2=16.4, H2O=0.00"
131	"17:01:02"	16834.5	0	12.6	0.194	254	6.42	3.04	27.58	6	1.42	1	2.84	24.57	27.58	22.88	399.50	381.41	-0.115	7.544	-0.33	21.47	499.2	1800	784	88.22	21.5	0.269	0.7	-0.22	2.74	1.00	0.00	0.16	111115
"17:04:24 c2"
"17:04:27 Launched AutoProg /User/Configs/AutoProgs/A-CiCurve"
132	"17:05:30"	17102.5	0	21.5	0.48	273	11.1	2.32	26.46	6	1.42	1	2.84	25.10	26.46	23.44	399.66	368.93	-0.107	13.035	-0.30	35.95	499.1	1801	1235	88.22	21.5	0.294	1.0	-0.22	2.74	1.00	0.00	0.16	111115
133	"17:06:44"	17176.5	0	15.9	0.453	203	10.9	2.39	26.71	6	1.42	1	2.84	25.13	26.71	23.45	299.85	277.10	-0.101	12.799	-0.28	35.24	499.1	1799	1164	88.21	19.6	0.225	0.7	-0.22	2.74	1.00	0.00	0.16	111115
134	"17:07:53"	17245.5	0	9.5	0.427	138	10.7	2.47	26.98	6	1.42	1	2.84	25.23	26.98	23.52	198.74	184.95	-0.099	12.563	-0.27	34.38	499.2	1800	1181	88.21	17.6	0.232	1.0	-0.22	2.74	1.00	0.00	0.16	111115
135	"17:09:13"	17325.0	0	3	0.397	77.4	10.3	2.55	27.19	6	1.42	1	2.84	25.28	27.19	23.56	99.79	95.00	-0.099	12.158	-0.27	33.17	499.2	1801	1137	88.21	15.4	0.239	0.7	-0.22	2.74	1.00	0.00	0.16	111115
136	"17:10:36"	17408.5	0	-0.312	0.369	48.8	9.93	2.61	27.31	6	1.42	1	2.84	25.28	27.31	23.56	49.85	49.63	-0.097	11.701	-0.27	31.92	499.2	1801	1081	88.2	14.2	0.227	1.0	-0.22	2.74	1.00	0.00	0.16	111115
137	"17:12:47"	17539.5	0	20	0.343	254	9.58	2.69	27.48	6	1.42	1	2.84	25.39	27.48	23.67	400.64	372.29	-0.096	11.288	-0.26	30.59	499.2	1800	1470	88.2	22.1	0.252	1.0	-0.22	2.74	1.00	0.00	0.16	111115
138	"17:13:48"	17600.5	0	20	0.335	251	9.51	2.73	27.64	6	1.42	1	2.84	25.51	27.64	23.81	400.05	371.74	-0.091	11.211	-0.25	30.16	499.2	1800	1490	88.2	22.2	0.256	1.0	-0.22	2.74	1.00	0.00	0.16	111115
139	"17:15:33"	17705.5	0	28.8	0.325	379	9.4	2.77	27.79	6	1.42	1	2.84	25.67	27.79	23.94	599.41	558.46	-0.088	11.091	-0.23	29.56	499.2	1800	831	88.2	26	0.26	1.0	-0.22	2.74	1.00	0.00	0.16	111115
140	"17:17:20"	17812.0	0	35.3	0.319	522	9.31	2.79	27.84	6	1.42	1	2.84	25.73	27.84	24.04	799.95	749.15	-0.084	10.985	-0.22	29.17	499.2	1799	1253	88.19	29	0.267	1.0	-0.22	2.74	1.00	0.00	0.16	111115
141	"17:19:31"	17943.5	0	40.4	0.311	861	9.2	2.82	27.92	6	1.42	1	2.84	25.82	27.92	24.11	1201.43	1140.27	-0.081	10.853	-0.21	28.68	499.2	1800	1390	88.19	34.6	0.268	1.0	-0.22	2.74	1.00	0.00	0.16	111115
142	"17:21:38"	18070.5	0	42.9	0.304	1.21E+03	9.25	2.89	28.28	6	1.42	1	2.84	26.13	28.28	24.43	1600.21	1531.59	-0.071	10.926	-0.18	28.34	499.2	1799	1446	88.19	39.1	0.27	1.0	-0.22	2.74	1.00	0.00	0.16	111115
143	"17:23:15"	18167.5	0	43.7	0.297	1.58E+03	9.12	2.91	28.29	6	1.42	1	2.84	26.19	28.29	24.48	2000.86	1927.27	-0.068	10.772	-0.18	27.83	499.2	1801	462	88.19	42.4	0.276	0.7	-0.22	2.74	1.00	0.00	0.16	111115
"17:24:36 Warning! Large Deltas in match: CO2=19.4, H2O=-0.00"
144	"17:24:55"	18267.5	0	18.1	0.288	248	8.87	2.91	28.17	6	1.42	1	2.84	26.04	28.17	24.36	399.47	373.79	-0.069	10.476	-0.18	27.31	499.2	1800	404	88.18	22.9	0.277	0.7	-0.22	2.74	1.00	0.00	0.16	111115
"17:28:32 d17"
"17:28:35 Launched AutoProg /User/Configs/AutoProgs/A-CiCurve"
145	"17:29:38"	18550.5	0	11.8	0.154	235	5.61	3.31	28.44	6	1.42	1	2.84	25.55	28.44	23.91	399.50	382.72	-0.074	6.628	-0.20	17.79	499.2	1799	295	88.17	22.8	0.35	1.0	-0.22	2.74	1.00	0.00	0.16	111115
"17:30:53 d17 again started doing c17 by accident"
"17:32:45 Launched AutoProg /User/Configs/AutoProgs/A-CiCurve"
146	"17:34:17"	18829.0	0	18.1	0.262	239	8.08	2.89	27.71	6	1.42	1	2.84	25.46	27.71	23.77	400.52	375.09	-0.058	9.557	-0.16	25.78	499.2	1800	434	88.14	22.2	0.276	0.7	-0.22	2.74	1.00	0.00	0.16	111125
147	"17:35:45"	18917.5	0	13.5	0.274	183	8.23	2.83	27.51	6	1.42	1	2.84	25.32	27.51	23.63	299.53	280.56	-0.056	9.743	-0.15	26.49	499.1	1800	410	88.14	20	0.269	1.0	-0.22	2.74	1.00	0.00	0.16	111125
148	"17:36:54"	18986.5	0	7.99	0.276	129	8.22	2.81	27.40	6	1.42	1	2.84	25.19	27.40	23.50	198.42	186.97	-0.050	9.729	-0.14	26.66	499.2	1801	403	88.13	17.9	0.269	1.0	-0.22	2.74	1.00	0.00	0.16	111125
149	"17:38:22"	19074.0	0	2.27	0.275	75.6	8.19	2.8	27.37	6	1.42	1	2.84	25.10	27.37	23.40	97.94	94.28	-0.047	9.697	-0.13	26.72	499.2	1800	386	88.13	15.5	0.269	1.0	-0.22	2.74	1.00	0.00	0.16	111125
150	"17:39:46"	19158.5	0	-0.309	0.274	49.3	8.15	2.8	27.32	6	1.42	1	2.84	25.01	27.32	23.33	50.00	49.89	-0.044	9.654	-0.12	26.74	499.1	1800	379	88.13	14.2	0.265	1.0	-0.22	2.74	1.00	0.00	0.16	111125
151	"17:41:57"	19289.5	0	18.5	0.271	241	8.06	2.8	27.28	6	1.42	1	2.84	24.96	27.28	23.29	401.07	375.24	-0.036	9.557	-0.10	26.56	499.1	1799	593	88.13	21.9	0.268	0.7	-0.22	2.74	1.00	0.00	0.16	111125
152	"17:42:58"	19350.5	0	18.7	0.272	239	8.16	2.82	27.46	6	1.42	1	2.84	25.11	27.46	23.46	400.37	374.17	-0.030	9.679	-0.08	26.65	499.1	1799	462	88.13	21.7	0.261	1.0	-0.22	2.74	1.00	0.00	0.16	111125
153	"17:44:42"	19454.5	0	28.7	0.278	357	8.45	2.87	27.80	6	1.42	1	2.84	25.45	27.80	23.78	600.51	560.37	-0.018	10.042	-0.05	27.10	499.2	1799	384	88.12	25.3	0.26	1.0	-0.22	2.74	1.00	0.00	0.16	111115
154	"17:46:22"	19554.0	0	36.8	0.279	487	8.62	2.91	28.08	6	1.42	1	2.84	25.76	28.08	24.07	801.07	749.11	-0.006	10.251	-0.02	27.16	499.2	1799	352	88.12	28.6	0.258	1.0	-0.22	2.74	1.00	0.00	0.16	111115
155	"17:48:33"	19685.5	0	46.6	0.271	783	8.58	2.97	28.33	6	1.42	1	2.84	26.01	28.33	24.32	1200.22	1132.50	0.005	10.210	0.01	26.65	499.2	1798	318	88.11	33.8	0.257	1.0	-0.22	2.74	1.00	0.00	0.16	111115
156	"17:50:32"	19804.5	0	51.5	0.26	1.11E+03	8.49	3.06	28.70	6	1.42	1	2.84	26.33	28.70	24.64	1600.67	1523.26	0.019	10.125	0.05	25.93	499.2	1801	999	88.1	38.4	0.268	1.0	-0.22	2.74	1.00	0.00	0.16	111115
157	"17:52:04"	19896.5	0	54.5	0.248	1.44E+03	8.36	3.14	29.00	6	1.42	1	2.84	26.59	29.00	24.91	2001.00	1916.18	0.030	9.981	0.08	25.17	499.2	1800	945	88.1	42.2	0.274	0.7	-0.22	2.74	1.00	0.00	0.16	111115
"17:53:25 Warning! Large Deltas in match: CO2=19.4, H2O=0.00"
158	"17:53:44"	19996.0	0	17.2	0.238	233	8.26	3.22	29.29	6	1.42	1	2.84	26.77	29.29	25.08	399.65	375.20	0.041	9.866	0.10	24.62	499.2	1800	896	88.1	22.8	0.27	1.0	-0.22	2.74	1.00	0.00	0.16	111115
"17:58:25 d6"
"17:58:27 Launched AutoProg /User/Configs/AutoProgs/A-CiCurve"
159	"17:59:30"	20342.5	0	17.6	0.36	271	10.4	2.8	28.42	6	1.42	1	2.84	26.82	28.42	25.16	400.14	374.31	-0.051	12.348	-0.13	30.71	499.2	1799	158	88.1	22.6	0.313	1.0	-0.22	2.74	1.00	0.00	0.16	111115
160	"18:00:55"	20427.0	0	12.6	0.335	202	10.1	2.89	28.69	6	1.42	1	2.84	26.85	28.69	25.15	299.37	280.79	-0.032	12.004	-0.08	29.82	499.2	1800	159	88.1	20.6	0.25	1.0	-0.22	2.74	1.00	0.00	0.16	111115
161	"18:02:02"	20494.5	0	7.33	0.315	138	9.83	2.96	28.86	6	1.42	1	2.84	26.84	28.86	25.15	199.07	188.03	-0.023	11.651	-0.06	28.95	499.2	1800	163	88.1	18.6	0.257	1.0	-0.22	2.74	1.00	0.00	0.16	111115
162	"18:03:22"	20574.5	0	2.13	0.291	78.8	9.42	3.05	29.07	6	1.42	1	2.84	26.87	29.07	25.17	100.10	96.45	-0.010	11.191	-0.02	27.76	499.2	1799	164	88.09	16.1	0.263	1.0	-0.22	2.74	1.00	0.00	0.16	111115
163	"18:04:25"	20637.5	0	-0.46	0.275	49.9	9.13	3.12	29.23	6	1.42	1	2.84	26.90	29.23	25.21	49.90	49.91	0.004	10.856	0.01	26.87	499.2	1799	163	88.09	14.9	0.264	1.0	-0.22	2.74	1.00	0.00	0.16	111115
164	"18:06:36"	20768.0	0	15.5	0.248	253	8.54	3.21	29.37	6	1.42	1	2.84	26.92	29.37	25.23	401.70	379.14	0.025	10.190	0.06	25.19	499.2	1801	161	88.08	23	0.266	1.0	-0.22	2.74	1.00	0.00	0.16	111115
165	"18:07:37"	20829.5	0	15.5	0.239	247	8.33	3.24	29.41	6	1.42	1	2.84	26.92	29.41	25.23	400.14	377.71	0.035	9.953	0.09	24.61	499.2	1801	159	88.08	22.9	0.278	1.0	-0.22	2.74	1.00	0.00	0.16	111115
166	"18:09:27"	20939.5	0	22.5	0.224	367	7.98	3.29	29.45	6	1.42	1	2.84	26.92	29.45	25.22	599.50	566.96	0.050	9.548	0.12	23.61	499.2	1802	159	88.08	26.7	0.281	1.0	-0.22	2.74	1.00	0.00	0.16	111115
167	"18:11:22"	21054.5	0	27.9	0.211	496	7.62	3.32	29.42	6	1.42	1	2.84	26.81	29.42	25.12	800.18	759.69	0.062	9.132	0.15	22.73	499.2	1800	155	88.08	29.9	0.282	1.0	-0.22	2.74	1.00	0.00	0.16	111115
168	"18:13:33"	21185.5	0	31.1	0.198	827	7.26	3.35	29.43	6	1.42	1	2.84	26.74	29.43	25.06	1201.40	1153.94	0.082	8.738	0.21	21.83	499.2	1800	155	88.08	35.4	0.289	0.7	-0.22	2.74	1.00	0.00	0.16	111115
169	"18:15:26"	21298.0	0	31.7	0.187	1.18E+03	6.95	3.39	29.43	6	1.42	1	2.84	26.64	29.43	24.95	1599.95	1548.95	0.097	8.376	0.24	21.05	499.2	1801	159	88.08	39.4	0.292	0.7	-0.22	2.74	1.00	0.00	0.16	111115
170	"18:17:00"	21392.0	0	33.4	0.179	1.52E+03	6.69	3.4	29.40	6	1.42	1	2.84	26.56	29.40	24.88	2000.05	1944.28	0.109	8.081	0.28	20.41	499.2	1801	157	88.08	42.8	0.294	1.0	-0.22	2.74	1.00	0.00	0.16	111115
"18:18:21 Warning! Large Deltas in match: CO2=19.9, H2O=0.01"
171	"18:18:40"	21492.5	0	12.8	0.171	235	6.44	3.42	29.37	6	1.42	1	2.84	26.45	29.37	24.77	399.66	381.28	0.118	7.801	0.30	19.83	499.2	1800	154	88.08	22.9	0.288	1.0	-0.22	2.74	1.00	0.00	0.16	111115
"18:25:07 g6"
"18:25:10 Launched AutoProg /User/Configs/AutoProgs/A-CiCurve"
172	"18:26:17"	21949.0	0	23.8	0.731	290	13.5	1.99	26.35	6	1.42	1	2.84	26.22	26.35	24.58	399.71	365.11	0.452	16.461	1.16	42.42	499.2	1799	680	88.08	22.4	0.26	1.0	-0.22	2.74	1.00	0.00	0.16	111115
173	"18:27:44"	22036.5	0	17.8	0.699	215	13.4	2.05	26.57	6	1.42	1	2.84	26.07	26.57	24.41	299.50	273.67	0.542	16.388	1.41	42.61	499.2	1799	673	88.08	20.1	0.188	1.0	-0.22	2.74	1.00	0.00	0.16	111115
174	"18:28:52"	22104.5	0	10.9	0.694	146	13.2	2.03	26.44	6	1.42	1	2.84	25.95	26.44	24.30	198.52	182.49	0.611	16.255	1.60	42.55	499.2	1799	670	88.08	18.1	0.193	1.0	-0.22	2.74	1.00	0.00	0.16	111115
175	"18:30:13"	22185.5	0	3.59	0.67	80.7	13	2.05	26.45	6	1.42	1	2.84	25.81	26.45	24.15	100.04	94.26	0.683	16.046	1.80	42.36	499.2	1800	675	88.08	15.6	0.196	1.0	-0.22	2.74	1.00	0.00	0.16	111115
176	"18:31:38"	22270.5	0	-0.256	0.643	47.9	12.7	2.07	26.42	6	1.42	1	2.84	25.66	26.42	24.01	49.39	48.95	0.755	15.750	2.01	41.95	499.2	1800	615	88.08	14.2	0.208	1.0	-0.22	2.74	1.00	0.00	0.16	111115
177	"18:33:49"	22401.0	0	22.8	0.596	283	12.1	2.11	26.39	6	1.42	1	2.84	25.45	26.39	23.79	400.26	367.47	0.869	15.239	2.34	41.10	499.2	1800	662	88.08	21.7	0.21	1.0	-0.22	2.74	1.00	0.00	0.16	111115
178	"18:35:55"	22527.5	0	23	0.558	278	11.7	2.15	26.42	6	1.42	1	2.84	25.30	26.42	23.64	400.41	367.55	0.984	14.849	2.68	40.40	499.1	1800	662	88.08	21.6	0.219	1.0	-0.22	2.74	1.00	0.00	0.16	111115
179	"18:37:55"	22647.0	0	31.5	0.531	425	11.4	2.19	26.53	6	1.42	1	2.84	25.30	26.53	23.66	600.17	554.65	1.088	14.640	2.96	39.83	499.1	1799	655	88.07	25.3	0.215	1.0	-0.22	2.74	1.00	0.00	0.16	111115
180	"18:40:00"	22772.0	0	36.8	0.51	586	11.2	2.22	26.57	6	1.42	1	2.84	25.25	26.57	23.60	800.87	746.57	1.199	14.452	3.27	39.44	499.2	1800	658	88.07	28	0.219	1.0	-0.22	2.74	1.00	0.00	0.16	111115
181	"18:42:09"	22901.5	0	40.3	0.493	943	11	2.24	26.62	6	1.42	1	2.84	25.22	26.62	23.59	1199.48	1136.02	1.311	14.318	3.58	39.13	499.2	1800	713	88.07	32.8	0.252	1.0	-0.22	2.74	1.00	0.00	0.16	111115
182	"18:44:10"	23022.5	0	41.4	0.479	1.31E+03	10.8	2.26	26.66	6	1.42	1	2.84	25.23	26.66	23.59	1599.81	1530.17	1.429	14.223	3.91	38.87	499.2	1799	610	88.07	36.3	0.252	0.7	-0.22	2.74	1.00	0.00	0.16	111115
183	"18:45:57"	23129.5	0	42.5	0.468	1.68E+03	10.7	2.27	26.70	6	1.42	1	2.84	25.22	26.70	23.57	1999.80	1924.12	1.534	14.154	4.19	38.70	499.2	1801	651	88.06	39.2	0.254	1.0	-0.22	2.74	1.00	0.00	0.16	111115
"18:47:38 Warning! Large Deltas in match: CO2=17.6, H2O=0.02"
184	"18:47:57"	23249.5	0	21.3	0.457	271	10.5	2.29	26.79	6	1.42	1	2.84	25.22	26.79	23.58	399.91	369.60	1.667	14.138	4.56	38.65	499.2	1800	680	88.05	21.5	0.235	0.7	-0.22	2.74	1.00	0.00	0.16	111115
