"OPEN 6.1.4"
"Wed Jul  9 2014 10:20:55"
<open><version>"6.1.4"</version></open>
<open><configfile>"/User/Configs/UserPrefs/LED2x3.xml"</configfile></open>
<open><light><source>"6400-02 or -02B LED Source"</source><par_in>1 <sensor>"SI-804"<cal>-0.77<actinity>1.00</actinity><transm>1.00</transm></cal></sensor><transm>1 </transm></par_in><par_out>1 <sensor>"Q27722"<cal>7.2 </cal></sensor></par_out></light></open>
<open><comps><file>"/User/Configs/Comps/StdComps_6.1"<header>""</header><extras></extras></file><energybal>no<f_parIn>1 </f_parIn><f_parOut>0 </f_parOut><alphaK>0.16</alphaK></energybal><bc_total>2.840<stomatal_ratio>1</stomatal_ratio><bc_oneside>1.420<type>2 </type><table>"/Sys/Lib/StdBLCTable"</table><area>6</area><slope>-0.219565 </slope><offset>2.73739 </offset><fan>5 </fan></bc_oneside></bc_total></comps></open>
<open><prompts><onlog>off</onlog><items>"Default (none)"</items></prompts></open>
<open><constants><oxygen>21 %</oxygen><bb_vapor>1.5 </bb_vapor><bb_oxy>0.9 </bb_oxy></constants></open>
<open><stability><items>"Std Stability"<items[1]><id>-2 </id><size>15 </size><pcv><onoff>0 </onoff><value>1 </value></pcv><std><onoff>0 </onoff><value>1 </value></std><slp><onoff>1 </onoff><value>1 </value></slp></items[1]><items[2]><id>-5 </id><size>15 </size><pcv><onoff>0 </onoff><value>1 </value></pcv><std><onoff>0 </onoff><value>1 </value></std><slp><onoff>1 </onoff><value>1 </value></slp></items[2]><items[3]><id>-7 </id><size>15 </size><pcv><onoff>0 </onoff><value>1 </value></pcv><std><onoff>0 </onoff><value>1 </value></std><slp><onoff>1 </onoff><value>1 </value></slp></items[3]></items></stability></open>
<open><log><format>"StdLogFmt_6.0"<items>{ -35  -21  -36  -76  30  23  36  21  25  221  -33  111  -34  11  -9  -10  -8  -1  -2  -4  -5  -14  -15  -7  -12  -13  -11  -65  -66  -72  -18  -19  -77  -78  -79  -23   }<hdr>{  }</hdr></items></format><options><beep>on</beep><hdr>normal</hdr><rem>normal</rem><stab>no</stab><stats>no<period>15 </period></stats><excel>yes</excel><comm>no</comm></options><datafile>"/User/07-09-2014-leila-aci-punch-ims"</datafile><button><action>"Normal Log"<code>" LogOneObsManual "</code></action></button><autoprog>"/User/Configs/AutoProgs/AutoLog"<active>no</active></autoprog></log></open>
<open><a2d><avgtime>4.0 secs</avgtime><userchans><ch20>"Off"</ch20><ch21>"Off"</ch21><ch22>"Off"</ch22><ch23>"Off"</ch23></userchans></a2d></open>
<open><matching><type>0 </type><disp>'a'</disp><settings><CO2Limit>10.0</CO2Limit><H2OLimit>1.0</H2OLimit><MaxAutoTime>60 </MaxAutoTime></settings></matching></open>
<li6400><factory><unit>"PSC-831"</unit><serviced>"19 Mar 2013"</serviced><fuseaware>0 </fuseaware><co2mixer>yes</co2mixer><co2><coeffs>{ 0  0.206921  4.17565e-05  8.51987e-09  5.09183e-14  4.55511e-18   }</coeffs><dvdt>-2.2 </dvdt><xs>{ -1e-04  -0.0012   }</xs></co2><h2o><coeffs>{ 0  0.00595372  2.01424e-06  4.48368e-11   }</coeffs><dvdt>-3.4 </dvdt><xs>{ -0.0002  -0.0025   }</xs></h2o><flow>{ 0  0.3736   }</flow><press>{ 88.939  0.00548   }</press></factory></li6400>
<li6400><user><flow_zero>-42.7</flow_zero><irga_zero><co2>74.3 35.3<at>25.5944 </at></co2><h2o>35.3 113.4<at>26.0897 </at></h2o></irga_zero><irga_span><co2>{ 0.990834  0.991271   }</co2><h2o>{ 0.998822  0.996537   }</h2o></irga_span><irga_match><co2>{ -1.07733  1.05616   }</co2><h2o>{ -0.0815214  0.179687   }</h2o></irga_match><co2_mixer><pump_mv>4500 </pump_mv><ppm>{ 2481.5  1139.04  442.875  267.926  121.719  71.2735  47.7492  40.3458   }</ppm><mv>{ 5000  3000  1500  1000  500  300  200  100   }</mv></co2_mixer><parin_offset>0 </parin_offset><led_cal><unit>"SI-804"</unit><mv>{ 10  25  50  100  1000  2000  3000  4000  5000   }</mv><qntm>{ 1.8799  8.366  21.1032  46.9937  565.667  1105.28  1605.22  2070.8  2493.99   }</qntm></led_cal><lcf_cal><unit>"unknown"</unit><red><mv>{ 50  100  500  1000  1500  5000   }</mv><qntm>{ 50  100  500  1000  2000  5000   }</qntm></red><blue><mv>{ 100  200  500  1000  2000  5000   }</mv><qntm>{ 10  20  50  100  200  500   }</qntm></blue></lcf_cal></user></li6400>
"10:21:03 hi min co2"
$STARTOFDATA$
"Obs"	"HHMMSS"	"FTime"	"EBal?"	"Photo"	"Cond"	"Ci"	"Trmmol"	"VpdL"	"CTleaf"	"Area"	"BLC_1"	"StmRat"	"BLCond"	"Tair"	"Tleaf"	"TBlk"	"CO2R"	"CO2S"	"H2OR"	"H2OS"	"RH_R"	"RH_S"	"Flow"	"PARi"	"PARo"	"Press"	"CsMch"	"HsMch"	"StableF"	"BLCslope"	"BLCoffst"	"f_parin"	"f_parout"	"alphaK"	"Status"
"10:28:04 a10"
"10:28:09 Launched AutoProg /User/Configs/AutoProgs/AutoLog"
"10:28:17 Launched AutoProg /User/Configs/AutoProgs/A-CiCurve"
1	"10:29:56"	571.0	0	8.15	0.206	302	6.56	2.96	27.43	6	1.42	1	2.84	25.14	27.43	23.08	400.47	387.60	0.247	8.082	0.68	22.32	498.7	1801	0	88.58	0.298	0.302	0.3	-0.22	2.74	1.00	0.00	0.16	111115
2	"10:31:20"	655.5	0	7.11	0.202	218	6.45	2.95	27.35	6	1.42	1	2.84	25.09	27.35	23.04	302.15	291.35	0.255	7.942	0.71	22.00	499.3	1799	0	88.57	0.286	0.31	0.7	-0.22	2.74	1.00	0.00	0.16	111115
3	"10:33:12"	767.5	0	3.45	0.19	154	6.17	2.99	27.37	6	1.42	1	2.84	25.00	27.37	22.90	199.63	194.08	0.265	7.565	0.74	21.07	502.9	1800	0	88.57	0.364	0.235	0.7	-0.22	2.74	1.00	0.00	0.16	111115
4	"10:34:35"	850.5	0	0.975	0.183	85.1	5.97	3	27.34	6	1.42	1	2.84	24.93	27.34	22.84	101.03	99.15	0.274	7.379	0.77	20.63	500.2	1799	0	88.57	0.222	0.24	1.0	-0.22	2.74	1.00	0.00	0.16	111115
5	"10:35:52"	927.5	0	-0.436	0.179	51.6	5.87	3.01	27.34	6	1.42	1	2.84	24.90	27.34	22.80	50.16	50.33	0.286	7.273	0.80	20.38	500.2	1800	0	88.57	0.138	0.245	1.0	-0.22	2.74	1.00	0.00	0.16	111115
6	"10:37:43"	1038.5	0	8.54	0.175	287	5.78	3.03	27.43	6	1.42	1	2.84	24.94	27.43	22.85	400.65	387.71	0.306	7.193	0.85	20.11	500.2	1800	0	88.57	0.224	0.243	1.0	-0.22	2.74	1.00	0.00	0.16	111115
7	"10:38:46"	1101.0	0	8.44	0.174	286	5.75	3.03	27.41	6	1.42	1	2.84	24.95	27.41	22.85	399.63	386.83	0.316	7.168	0.88	20.02	500.2	1801	0	88.57	0.352	0.246	1.0	-0.22	2.74	1.00	0.00	0.16	111115
8	"10:40:48"	1223.0	0	13	0.169	423	5.57	3.02	27.26	6	1.42	1	2.84	24.79	27.26	22.70	600.38	580.85	0.332	6.966	0.94	19.64	500.2	1801	0	88.56	0.019	0.246	1.0	-0.22	2.74	1.00	0.00	0.16	111115
9	"10:42:24"	1319.5	0	16.6	0.167	570	5.5	3.02	27.23	6	1.42	1	2.84	24.76	27.23	22.68	799.26	774.27	0.354	6.903	1.00	19.51	500.2	1799	0	88.56	-0.731	0.248	1.0	-0.22	2.74	1.00	0.00	0.16	111115
10	"10:44:05"	1420.0	0	18.4	0.165	925	5.45	3.02	27.24	6	1.42	1	2.84	24.77	27.24	22.70	1200.22	1170.54	0.386	6.876	1.09	19.42	500.2	1800	0	88.56	-1.75	0.247	0.7	-0.22	2.74	1.00	0.00	0.16	111115
11	"10:45:34"	1509.5	0	20.2	0.163	1.29E+03	5.4	3.03	27.29	6	1.42	1	2.84	24.77	27.29	22.69	1610.41	1576.02	0.417	6.855	1.18	19.35	500.2	1800	0	88.56	-4.03	0.248	0.7	-0.22	2.74	1.00	0.00	0.16	111115
12	"10:47:45"	1640.5	0	21.9	0.156	1.63E+03	5.25	3.06	27.39	6	1.42	1	2.84	24.84	27.39	22.75	2000.58	1961.94	0.506	6.763	1.42	19.02	500.2	1799	0	88.56	-6.52	0.243	1.0	-0.22	2.74	1.00	0.00	0.16	111115
"10:49:04 a10 again"
13	"10:49:44"	1759.0	0	7.82	0.152	283	5.15	3.08	27.50	6	1.42	1	2.84	24.94	27.50	22.85	400.04	388.26	0.642	6.781	1.79	18.95	500.2	1800	0	88.56	0.333	0.259	1.0	-0.22	2.74	1.00	0.00	0.16	111115
"10:49:58 a10 again"
"10:50:01 Launched AutoProg /User/Configs/AutoProgs/A-CiCurve"
14	"10:51:04"	1840.0	0	8.07	0.151	279	5.14	3.1	27.61	6	1.42	1	2.84	25.06	27.61	22.98	399.93	387.86	0.783	6.907	2.17	19.17	500.2	1799	0	88.56	0.317	0.265	1.0	-0.22	2.74	1.00	0.00	0.16	111115
15	"10:52:26"	1921.5	0	5.85	0.151	212	5.12	3.09	27.65	6	1.42	1	2.84	25.07	27.65	22.98	299.86	291.06	0.986	7.087	2.73	19.65	500.2	1800	0	88.56	0.472	0.259	1.0	-0.22	2.74	1.00	0.00	0.16	111115
16	"10:53:45"	2000.5	0	3.29	0.151	148	5.1	3.07	27.65	6	1.42	1	2.84	25.05	27.65	22.96	198.89	193.76	1.257	7.330	3.49	20.35	500.2	1800	0	88.55	0.453	0.272	1.0	-0.22	2.74	1.00	0.00	0.16	111115
17	"10:55:06"	2081.0	0	0.855	0.152	84.9	5.08	3.04	27.68	6	1.42	1	2.84	25.08	27.68	22.98	101.13	99.49	1.642	7.692	4.55	21.32	500.2	1799	0	88.55	0.296	0.274	1.0	-0.22	2.74	1.00	0.00	0.16	111115
18	"10:56:22"	2157.5	0	-0.505	0.155	53.3	5.13	3.01	27.75	6	1.42	1	2.84	25.16	27.75	23.06	50.45	50.74	2.118	8.223	5.84	22.68	500.2	1800	0	88.55	0.162	0.287	1.0	-0.22	2.74	1.00	0.00	0.16	111115
19	"10:58:28"	2283.5	0	8.6	0.157	277	5.1	2.95	27.84	6	1.42	1	2.84	25.26	27.84	23.16	399.80	387.12	3.093	9.152	8.48	25.10	500.2	1800	0	88.55	0.341	0.298	1.0	-0.22	2.74	1.00	0.00	0.16	111115
20	"10:59:28"	2343.5	0	8.77	0.158	276	5.07	2.92	27.89	6	1.42	1	2.84	25.30	27.89	23.21	399.75	386.87	3.619	9.638	9.90	26.37	500.2	1800	0	88.55	0.307	0.3	1.0	-0.22	2.74	1.00	0.00	0.16	111115
21	"11:01:26"	2461.5	0	13.4	0.158	412	4.97	2.85	28.00	6	1.42	1	2.84	25.40	28.00	23.30	600.33	580.76	4.729	10.626	12.86	28.89	500.2	1800	0	88.54	0.00728	0.311	1.0	-0.22	2.74	1.00	0.00	0.16	111115
22	"11:02:59"	2554.0	0	17.2	0.162	560	4.98	2.8	28.15	6	1.42	1	2.84	25.53	28.15	23.43	798.75	773.47	5.652	11.557	15.25	31.18	500.2	1800	0	88.55	-0.508	0.324	1.0	-0.22	2.74	1.00	0.00	0.16	111115
23	"11:05:09"	2684.0	0	20.5	0.16	901	4.81	2.73	28.30	6	1.42	1	2.84	25.66	28.30	23.54	1200.44	1169.06	7.042	12.741	18.86	34.12	500.2	1801	0	88.54	-2.03	0.328	1.0	-0.22	2.74	1.00	0.00	0.16	111115
24	"11:07:04"	2799.0	0	22.2	0.153	1.25E+03	4.55	2.69	28.48	6	1.42	1	2.84	25.71	28.48	23.62	1600.32	1565.16	8.350	13.732	22.29	36.65	500.2	1801	0	88.54	-4.11	0.361	0.7	-0.22	2.74	1.00	0.00	0.16	111115
25	"11:09:13"	2928.5	0	23.2	0.147	1.61E+03	4.25	2.61	28.62	6	1.42	1	2.84	25.82	28.62	23.73	1999.16	1961.39	9.919	14.938	26.31	39.62	500.2	1800	0	88.54	-6.31	0.373	1.0	-0.22	2.74	1.00	0.00	0.16	111115
26	"11:10:59"	3034.5	0	7.16	0.141	288	4.01	2.57	28.84	6	1.42	1	2.84	25.99	28.84	23.90	398.95	388.50	11.255	15.993	29.54	41.98	500.1	1800	0	88.54	0.36	0.409	1.0	-0.22	2.74	1.00	0.00	0.16	111115
"11:17:19 a3"
"11:17:22 Launched AutoProg /User/Configs/AutoProgs/A-CiCurve"
27	"11:19:36"	3551.5	0	21.9	0.507	282	7.4	1.47	27.68	6	1.42	1	2.84	25.99	27.68	24.00	399.62	370.12	16.784	25.437	44.07	66.79	500.2	1800	0	88.53	-0.347	0.501	0.7	-0.22	2.74	1.00	0.00	0.16	111115
28	"11:20:58"	3633.0	0	16	0.545	218	7.21	1.35	27.59	6	1.42	1	2.84	26.04	27.59	24.02	300.26	278.63	18.202	26.621	47.64	69.67	500.1	1799	0	88.53	-0.267	0.423	1.0	-0.22	2.74	1.00	0.00	0.16	111115
29	"11:22:13"	3708.0	0	9.36	0.552	150	7.04	1.3	27.66	6	1.42	1	2.84	26.07	27.66	24.04	198.79	185.99	19.081	27.296	49.85	71.32	500.2	1802	0	88.54	-0.18	0.441	1.0	-0.22	2.74	1.00	0.00	0.16	111115
30	"11:23:33"	3788.0	0	2.78	0.544	85	6.76	1.26	27.59	6	1.42	1	2.84	25.98	27.59	23.95	100.77	96.65	19.669	27.558	51.68	72.41	500.2	1800	0	88.54	-0.264	0.455	1.0	-0.22	2.74	1.00	0.00	0.16	111115
31	"11:24:48"	3863.0	0	-0.813	0.537	52.9	6.55	1.24	27.58	6	1.42	1	2.84	25.94	27.58	23.92	50.71	51.29	20.209	27.844	53.21	73.31	500.2	1800	0	88.53	-0.318	0.461	1.0	-0.22	2.74	1.00	0.00	0.16	111115
32	"11:26:57"	3992.5	0	20.8	0.529	292	6.27	1.2	27.63	6	1.42	1	2.84	25.96	27.63	23.94	400.04	372.26	21.090	28.396	55.48	74.70	500.2	1799	0	88.53	-0.297	0.454	1.0	-0.22	2.74	1.00	0.00	0.16	111115
33	"11:27:57"	4052.0	0	20.7	0.532	293	6.21	1.18	27.67	6	1.42	1	2.84	26.01	27.67	23.99	399.93	372.29	21.469	28.699	56.30	75.26	500.2	1799	0	88.53	-0.258	0.467	1.0	-0.22	2.74	1.00	0.00	0.16	111115
34	"11:30:00"	4175.5	0	29.4	0.528	447	6	1.15	27.70	6	1.42	1	2.84	26.01	27.70	23.97	599.84	560.49	22.129	29.118	58.03	76.35	500.2	1800	0	88.53	-0.82	0.472	1.0	-0.22	2.74	1.00	0.00	0.16	111115
35	"11:31:48"	4283.5	0	32.9	0.517	623	5.67	1.11	27.56	6	1.42	1	2.84	25.84	27.56	23.81	798.91	754.36	22.670	29.268	60.04	77.52	500.2	1801	0	88.53	-1.4	0.473	1.0	-0.22	2.74	1.00	0.00	0.16	111115
36	"11:33:59"	4414.5	0	33.3	0.516	1.01E+03	5.47	1.07	27.61	6	1.42	1	2.84	25.86	27.61	23.83	1200.62	1153.05	23.455	29.817	62.06	78.89	500.2	1800	0	88.53	-3.18	0.48	1.0	-0.22	2.74	1.00	0.00	0.16	111115
37	"11:35:47"	4522.5	0	34.7	0.513	1.4E+03	5.31	1.04	27.76	6	1.42	1	2.84	26.00	27.76	23.98	1600.98	1549.55	24.319	30.490	63.79	79.98	500.2	1799	0	88.53	-5.39	0.474	0.7	-0.22	2.74	1.00	0.00	0.16	111115
38	"11:37:25"	4620.0	0	36	0.508	1.78E+03	5.2	1.03	27.88	6	1.42	1	2.84	26.08	27.88	24.05	2000.59	1945.32	24.897	30.938	65.00	80.77	500.2	1800	0	88.53	-7.75	0.483	1.0	-0.22	2.74	1.00	0.00	0.16	111115
39	"11:39:36"	4751.5	0	19.3	0.506	297	5.09	1.01	28.14	6	1.42	1	2.84	26.33	28.14	24.30	398.56	373.16	25.895	31.808	66.63	81.84	500.2	1800	0	88.53	-0.152	0.532	0.7	-0.22	2.74	1.00	0.00	0.16	111115
"11:53:42 c3"
"11:53:45 Launched AutoProg /User/Configs/AutoProgs/A-CiCurve"
40	"11:55:22"	5697.0	0	18.7	0.582	297	13.1	2.34	27.71	6	1.42	1	2.84	26.63	27.71	24.62	399.44	371.21	0.231	15.742	0.58	39.78	500.2	1800	0	88.53	0.28	0.315	1.0	-0.22	2.74	1.00	0.00	0.16	111115
41	"11:56:49"	5784.5	0	14	0.554	219	12.9	2.39	27.84	6	1.42	1	2.84	26.63	27.84	24.63	298.64	277.51	0.189	15.429	0.48	39.01	500.2	1800	0	88.53	0.419	0.337	0.7	-0.22	2.74	1.00	0.00	0.16	111115
42	"11:58:02"	5857.5	0	8.42	0.54	149	12.8	2.43	27.96	6	1.42	1	2.84	26.73	27.96	24.79	198.77	185.81	0.170	15.322	0.43	38.50	500.2	1800	0	88.53	0.365	0.335	1.0	-0.22	2.74	1.00	0.00	0.16	111115
43	"11:59:25"	5940.5	0	2.35	0.526	84	12.8	2.47	28.12	6	1.42	1	2.84	26.87	28.12	24.92	100.63	96.33	0.153	15.242	0.38	37.99	500.2	1800	0	88.52	0.21	0.343	1.0	-0.22	2.74	1.00	0.00	0.16	111115
44	"12:00:45"	6020.0	0	-0.807	0.511	50.6	12.6	2.5	28.14	6	1.42	1	2.84	26.84	28.14	24.91	49.80	50.01	0.136	15.012	0.34	37.48	500.2	1800	0	88.53	0.106	0.334	1.0	-0.22	2.74	1.00	0.00	0.16	111115
45	"12:02:29"	6124.0	0	18.8	0.495	287	12.3	2.51	28.05	6	1.42	1	2.84	26.76	28.05	24.82	399.82	371.80	0.121	14.656	0.30	36.77	500.2	1799	0	88.52	0.311	0.335	1.0	-0.22	2.74	1.00	0.00	0.16	111115
46	"12:03:31"	6186.5	0	19.3	0.484	283	12.2	2.54	28.14	6	1.42	1	2.84	26.82	28.14	24.90	400.05	371.42	0.117	14.545	0.29	36.36	500.2	1799	0	88.52	0.293	0.331	1.0	-0.22	2.74	1.00	0.00	0.16	111115
47	"12:05:43"	6318.5	0	26.2	0.458	433	11.9	2.59	28.20	6	1.42	1	2.84	26.83	28.20	24.91	600.09	560.68	0.103	14.147	0.26	35.33	500.2	1801	0	88.52	-0.0821	0.332	1.0	-0.22	2.74	1.00	0.00	0.16	111115
48	"12:07:31"	6426.5	0	28.3	0.439	606	11.6	2.63	28.25	6	1.42	1	2.84	26.83	28.25	24.91	799.79	755.31	0.099	13.826	0.25	34.55	500.2	1800	0	88.52	-0.658	0.322	1.0	-0.22	2.74	1.00	0.00	0.16	111115
49	"12:09:43"	6558.5	0	27.7	0.417	980	11.4	2.69	28.42	6	1.42	1	2.84	26.93	28.42	25.00	1201.20	1152.27	0.095	13.560	0.24	33.67	500.2	1800	0	88.52	-2.48	0.321	0.7	-0.22	2.74	1.00	0.00	0.16	111115
50	"12:11:52"	6687.0	0	27.5	0.398	1.35E+03	11.2	2.75	28.59	6	1.42	1	2.84	27.03	28.59	25.08	1599.75	1546.06	0.099	13.318	0.24	32.88	500.2	1801	0	88.52	-4.32	0.32	0.7	-0.22	2.74	1.00	0.00	0.16	111115
51	"12:13:31"	6786.5	0	27.3	0.385	1.72E+03	10.9	2.76	28.54	6	1.42	1	2.84	26.96	28.54	25.02	1999.50	1941.31	0.098	13.009	0.24	32.24	500.2	1800	0	88.51	-6.43	0.315	0.7	-0.22	2.74	1.00	0.00	0.16	111115
52	"12:15:42"	6917.0	0	17.6	0.374	273	10.8	2.8	28.65	6	1.42	1	2.84	27.03	28.65	25.12	399.14	373.19	0.110	12.859	0.27	31.75	500.2	1801	0	88.51	0.246	0.336	0.7	-0.22	2.74	1.00	0.00	0.16	111115
"12:20:58 d10"
"12:21:01 Launched AutoProg /User/Configs/AutoProgs/A-CiCurve"
53	"12:22:05"	7300.0	0	12.9	0.305	288	9.74	3.04	29.22	6	1.42	1	2.84	27.50	29.22	25.56	400.35	380.42	0.152	11.698	0.36	28.08	500.2	1800	0	88.5	0.34	0.4	1.0	-0.22	2.74	1.00	0.00	0.16	111115
54	"12:23:49"	7404.0	0	9.44	0.305	218	9.69	3.02	29.12	6	1.42	1	2.84	27.49	29.12	25.50	300.19	285.55	0.164	11.648	0.39	27.98	500.2	1799	0	88.5	0.699	0.312	1.0	-0.22	2.74	1.00	0.00	0.16	111115
55	"12:25:08"	7483.5	0	5.48	0.304	149	9.59	3.01	29.02	6	1.42	1	2.84	27.38	29.02	25.36	198.51	189.75	0.175	11.540	0.42	27.91	500.2	1800	0	88.49	0.6	0.305	1.0	-0.22	2.74	1.00	0.00	0.16	111115
56	"12:26:34"	7569.0	0	1.32	0.298	85.4	9.41	3	28.92	6	1.42	1	2.84	27.22	28.92	25.21	100.89	98.20	0.190	11.347	0.46	27.69	500.2	1799	0	88.49	0.357	0.308	1.0	-0.22	2.74	1.00	0.00	0.16	111115
57	"12:27:53"	7648.0	0	-0.669	0.297	52.1	9.42	3.01	28.98	6	1.42	1	2.84	27.26	28.98	25.26	50.77	50.99	0.213	11.387	0.52	27.73	500.2	1800	0	88.49	0.185	0.311	1.0	-0.22	2.74	1.00	0.00	0.16	111115
58	"12:30:04"	7779.0	0	12.6	0.294	287	9.3	3	28.91	6	1.42	1	2.84	27.17	28.91	25.14	399.90	380.53	0.260	11.288	0.64	27.63	500.2	1800	0	88.49	0.464	0.301	1.0	-0.22	2.74	1.00	0.00	0.16	111115
59	"12:31:06"	7841.0	0	12.6	0.291	287	9.22	3	28.89	6	1.42	1	2.84	27.12	28.89	25.10	399.98	380.62	0.295	11.225	0.72	27.55	500.2	1799	0	88.49	0.534	0.303	1.0	-0.22	2.74	1.00	0.00	0.16	111115
60	"12:33:11"	7966.5	0	18.3	0.288	433	9.16	3.01	28.95	6	1.42	1	2.84	27.15	28.95	25.14	600.32	572.04	0.386	11.251	0.95	27.57	500.2	1800	0	88.48	0.0757	0.3	1.0	-0.22	2.74	1.00	0.00	0.16	111115
61	"12:35:22"	8097.0	0	20.9	0.28	599	8.94	3.02	28.94	6	1.42	1	2.84	27.11	28.94	25.07	799.92	766.67	0.548	11.154	1.35	27.40	500.2	1799	0	88.48	-0.402	0.295	1.0	-0.22	2.74	1.00	0.00	0.16	111115
62	"12:37:33"	8228.0	0	22.6	0.269	957	8.66	3.03	28.96	6	1.42	1	2.84	27.04	28.96	25.00	1200.29	1161.16	0.810	11.085	2.00	27.34	500.2	1800	0	88.48	-1.81	0.296	1.0	-0.22	2.74	1.00	0.00	0.16	111115
63	"12:39:42"	8357.5	0	23.3	0.259	1.32E+03	8.44	3.06	29.14	6	1.42	1	2.84	27.14	29.14	25.08	1598.77	1555.08	1.213	11.224	2.97	27.52	500.2	1800	0	88.48	-3.72	0.303	1.0	-0.22	2.74	1.00	0.00	0.16	111115
64	"12:41:16"	8451.5	0	23.9	0.245	1.68E+03	8.21	3.13	29.46	6	1.42	1	2.84	27.24	29.46	25.20	2000.22	1952.28	1.599	11.339	3.90	27.64	500.2	1800	0	88.48	-6.08	0.33	1.0	-0.22	2.74	1.00	0.00	0.16	111115
65	"12:43:27"	8582.5	0	10	0.231	289	7.88	3.17	29.74	6	1.42	1	2.84	27.41	29.74	25.38	398.39	382.75	2.272	11.614	5.48	28.02	500.2	1799	0	88.49	0.515	0.353	0.7	-0.22	2.74	1.00	0.00	0.16	111115
"12:49:36 g10"
"12:49:39 Launched AutoProg /User/Configs/AutoProgs/A-CiCurve"
66	"12:51:04"	9039.5	0	15.3	0.356	286	9.69	2.62	29.47	6	1.42	1	2.84	27.78	29.47	25.67	400.13	377.45	5.663	17.082	13.38	40.35	500.2	1801	0	88.47	0.383	0.346	1.0	-0.22	2.74	1.00	0.00	0.16	111115
67	"12:52:27"	9122.0	0	11	0.348	216	9.4	2.6	29.54	6	1.42	1	2.84	27.76	29.54	25.63	300.19	283.82	6.488	17.568	15.34	41.53	500.2	1801	0	88.47	0.508	0.346	1.0	-0.22	2.74	1.00	0.00	0.16	111115
68	"12:53:44"	9199.5	0	6.29	0.339	148	9.17	2.59	29.73	6	1.42	1	2.84	27.87	29.73	25.76	198.82	189.19	7.316	18.121	17.19	42.57	500.2	1799	0	88.47	0.424	0.355	1.0	-0.22	2.74	1.00	0.00	0.16	111115
69	"12:55:07"	9282.0	0	1.53	0.328	85.4	8.92	2.59	29.98	6	1.42	1	2.84	28.02	29.98	25.90	100.82	97.94	8.275	18.774	19.27	43.72	500.2	1799	0	88.47	0.286	0.374	1.0	-0.22	2.74	1.00	0.00	0.16	111115
70	"12:56:24"	9359.0	0	-0.889	0.318	53.6	8.64	2.58	30.14	6	1.42	1	2.84	28.12	30.14	26.00	50.67	51.20	9.168	19.328	21.23	44.75	500.2	1801	0	88.47	0.257	0.379	1.0	-0.22	2.74	1.00	0.00	0.16	111115
71	"12:58:35"	9490.5	0	14.4	0.303	281	8.14	2.54	30.30	6	1.42	1	2.84	28.20	30.30	26.08	400.39	379.43	10.657	20.229	24.55	46.60	500.2	1801	0	88.47	0.345	0.398	1.0	-0.22	2.74	1.00	0.00	0.16	111115
72	"12:59:36"	9551.5	0	14.4	0.297	280	7.92	2.51	30.33	6	1.42	1	2.84	28.21	30.33	26.08	400.28	379.39	11.353	20.654	26.14	47.55	500.2	1800	0	88.47	0.325	0.405	1.0	-0.22	2.74	1.00	0.00	0.16	111115
73	"13:01:36"	9671.0	0	21.6	0.286	416	7.47	2.45	30.35	6	1.42	1	2.84	28.18	30.35	26.07	599.99	569.01	12.675	21.443	29.25	49.48	500.2	1799	0	88.47	0.0538	0.414	1.0	-0.22	2.74	1.00	0.00	0.16	111115
74	"13:03:41"	9796.0	0	27.1	0.277	562	7.12	2.41	30.52	6	1.42	1	2.84	28.29	30.52	26.19	799.74	760.80	14.029	22.375	32.15	51.28	500.2	1800	0	88.47	-0.594	0.436	1.0	-0.22	2.74	1.00	0.00	0.16	111115
75	"13:05:22"	9897.5	0	32.1	0.27	902	6.87	2.38	30.65	6	1.42	1	2.84	28.39	30.65	26.29	1201.29	1153.32	15.066	23.116	34.33	52.67	500.2	1801	0	88.47	-1.92	0.435	0.7	-0.22	2.74	1.00	0.00	0.16	111115
76	"13:06:57"	9992.0	0	33.7	0.26	1.26E+03	6.6	2.36	30.79	6	1.42	1	2.84	28.45	30.79	26.35	1599.71	1546.99	16.027	23.752	36.39	53.93	500.2	1800	0	88.47	-3.87	0.44	0.7	-0.22	2.74	1.00	0.00	0.16	111115
77	"13:08:28"	10083.5	0	35.6	0.248	1.62E+03	6.28	2.35	30.92	6	1.42	1	2.84	28.45	30.92	26.37	2003.03	1945.70	16.884	24.238	38.33	55.03	500.2	1800	0	88.47	-6.27	0.477	0.7	-0.22	2.74	1.00	0.00	0.16	111115
78	"13:10:27"	10202.0	0	11.7	0.235	283	5.97	2.34	31.13	6	1.42	1	2.84	28.54	31.13	26.47	399.36	382.60	17.960	24.948	40.57	56.35	500.2	1798	0	88.46	0.234	0.507	1.0	-0.22	2.74	1.00	0.00	0.16	111115
"13:16:41 e10"
"13:16:49 Launched AutoProg /User/Configs/AutoProgs/A-CiCurve"
79	"13:18:22"	10677.5	0	25.5	0.514	257	12.9	2.54	28.70	6	1.42	1	2.84	27.56	28.70	25.56	398.46	362.31	0.745	15.967	1.78	38.18	500.2	1798	0	88.45	0.469	0.318	0.7	-0.22	2.74	1.00	0.00	0.16	111125
80	"13:19:40"	10755.0	0	19	0.515	193	12.8	2.52	28.56	6	1.42	1	2.84	27.43	28.56	25.42	299.04	272.05	0.644	15.791	1.55	38.06	500.2	1801	0	88.45	0.465	0.342	1.0	-0.22	2.74	1.00	0.00	0.16	111125
81	"13:20:52"	10827.0	0	11.4	0.511	134	12.7	2.51	28.41	6	1.42	1	2.84	27.23	28.41	25.24	198.53	182.13	0.585	15.549	1.43	37.91	500.2	1800	0	88.45	0.449	0.352	1.0	-0.22	2.74	1.00	0.00	0.16	111125
82	"13:22:11"	10906.0	0	3.49	0.504	78.2	12.5	2.5	28.25	6	1.42	1	2.84	27.02	28.25	25.02	100.51	94.91	0.535	15.261	1.32	37.66	500.2	1800	0	88.45	0.337	0.356	1.0	-0.22	2.74	1.00	0.00	0.16	111125
83	"13:23:28"	10983.5	0	-0.702	0.492	50.3	12.2	2.51	28.15	6	1.42	1	2.84	26.85	28.15	24.87	49.84	49.95	0.501	14.962	1.25	37.29	500.2	1799	0	88.44	0.153	0.343	1.0	-0.22	2.74	1.00	0.00	0.16	111125
84	"13:25:00"	11075.0	0	25.2	0.482	255	12.1	2.53	28.17	6	1.42	1	2.84	26.85	28.17	24.87	400.34	364.79	0.476	14.786	1.19	36.85	500.2	1799	0	88.44	0.458	0.34	1.0	-0.22	2.74	1.00	0.00	0.16	111125
85	"13:26:34"	11169.0	0	25.3	0.469	252	11.9	2.54	28.16	6	1.42	1	2.84	26.82	28.16	24.83	400.46	364.93	0.454	14.548	1.13	36.34	500.2	1800	0	88.45	0.488	0.334	1.0	-0.22	2.74	1.00	0.00	0.16	111125
86	"13:28:45"	11300.0	0	34.3	0.454	392	11.6	2.55	28.06	6	1.42	1	2.84	26.65	28.06	24.65	600.29	551.40	0.434	14.186	1.09	35.78	500.2	1800	0	88.44	0.00712	0.329	1.0	-0.22	2.74	1.00	0.00	0.16	111125
87	"13:30:33"	11408.0	0	38	0.44	557	11.4	2.57	28.03	6	1.42	1	2.84	26.53	28.03	24.51	799.84	744.11	0.431	13.923	1.09	35.37	500.2	1799	0	88.44	-0.495	0.324	1.0	-0.22	2.74	1.00	0.00	0.16	111125
88	"13:32:45"	11540.5	0	38.7	0.43	927	11.3	2.61	28.16	6	1.42	1	2.84	26.61	28.16	24.59	1200.49	1138.65	0.434	13.830	1.10	34.97	500.1	1799	0	88.43	-2.4	0.32	0.7	-0.22	2.74	1.00	0.00	0.16	111125
89	"13:34:36"	11651.0	0	39.1	0.416	1.29E+03	11.1	2.63	28.16	6	1.42	1	2.84	26.61	28.16	24.59	1599.38	1532.09	0.438	13.576	1.11	34.32	500.2	1800	0	88.43	-4.7	0.31	0.7	-0.22	2.74	1.00	0.00	0.16	111125
90	"13:36:47"	11782.0	0	39.5	0.402	1.66E+03	10.9	2.65	28.16	6	1.42	1	2.84	26.53	28.16	24.51	2000.85	1928.37	0.450	13.312	1.14	33.82	500.1	1799	0	88.43	-7.56	0.306	1.0	-0.22	2.74	1.00	0.00	0.16	111125
91	"13:38:50"	11905.0	0	22	0.393	253	10.7	2.67	28.17	6	1.42	1	2.84	26.47	28.17	24.44	399.77	368.58	0.476	13.162	1.21	33.54	500.1	1799	0	88.43	0.374	0.367	0.7	-0.22	2.74	1.00	0.00	0.16	111115
"13:41:10 b13"
"13:41:14 Launched AutoProg /User/Configs/AutoProgs/A-CiCurve"
92	"13:42:19"	12114.0	0	14.7	0.2	238	6.61	3.05	27.95	6	1.42	1	2.84	26.32	27.95	24.22	400.43	379.81	0.468	8.335	1.20	21.43	500.1	1801	0	88.42	0.283	0.274	1.0	-0.22	2.74	1.00	0.00	0.16	111115
93	"13:43:41"	12196.0	0	10.6	0.196	181	6.43	3.02	27.73	6	1.42	1	2.84	26.10	27.73	24.01	299.63	284.77	0.473	8.121	1.23	21.16	500.1	1801	0	88.42	0.338	0.274	1.0	-0.22	2.74	1.00	0.00	0.16	111115
94	"13:45:01"	12276.0	0	5.92	0.191	129	6.22	2.99	27.52	6	1.42	1	2.84	25.87	27.52	23.79	198.79	190.27	0.479	7.885	1.26	20.82	500.2	1801	0	88.42	0.438	0.274	1.0	-0.22	2.74	1.00	0.00	0.16	111115
95	"13:46:22"	12357.5	0	1.58	0.184	79.2	5.95	2.98	27.32	6	1.42	1	2.84	25.67	27.32	23.59	101.17	98.57	0.493	7.579	1.32	20.25	500.1	1802	0	88.42	0.268	0.265	1.0	-0.22	2.74	1.00	0.00	0.16	111115
96	"13:47:39"	12434.5	0	-0.613	0.182	53.4	5.89	2.96	27.22	6	1.42	1	2.84	25.53	27.22	23.44	50.13	50.51	0.508	7.516	1.37	20.25	500.1	1801	0	88.42	0.0789	0.257	1.0	-0.22	2.74	1.00	0.00	0.16	111115
97	"13:49:23"	12538.5	0	14.2	0.188	237	6.04	2.96	27.29	6	1.42	1	2.84	25.58	27.29	23.49	400.76	381.00	0.547	7.734	1.47	20.77	500.1	1800	0	88.42	0.142	0.247	1.0	-0.22	2.74	1.00	0.00	0.16	111115
98	"13:50:24"	12599.0	0	14.4	0.197	239	6.3	2.95	27.41	6	1.42	1	2.84	25.69	27.41	23.58	400.07	379.90	0.581	8.076	1.55	21.55	500.1	1800	0	88.41	0.243	0.253	1.0	-0.22	2.74	1.00	0.00	0.16	111115
99	"13:52:28"	12723.5	0	21.8	0.202	362	6.46	2.95	27.50	6	1.42	1	2.84	25.83	27.50	23.73	600.57	570.01	0.650	8.334	1.72	22.06	500.1	1801	0	88.42	-0.191	0.254	1.0	-0.22	2.74	1.00	0.00	0.16	111115
100	"13:54:20"	12835.5	0	26.1	0.2	506	6.39	2.95	27.51	6	1.42	1	2.84	25.87	27.51	23.75	799.03	761.89	0.747	8.345	1.97	22.03	500.1	1800	0	88.41	-0.772	0.257	1.0	-0.22	2.74	1.00	0.00	0.16	111115
101	"13:56:31"	12966.5	0	27.2	0.193	866	6.23	2.98	27.63	6	1.42	1	2.84	25.86	27.63	23.76	1201.40	1160.08	0.930	8.348	2.46	22.05	500.1	1800	0	88.41	-2.44	0.274	0.7	-0.22	2.74	1.00	0.00	0.16	111115
102	"13:58:20"	13075.5	0	28	0.178	1.21E+03	5.82	2.99	27.60	6	1.42	1	2.84	25.81	27.60	23.74	1600.14	1555.68	1.159	8.090	3.07	21.44	500.1	1799	0	88.42	-4.62	0.279	0.7	-0.22	2.74	1.00	0.00	0.16	111115
103	"13:59:59"	13174.5	0	28.6	0.17	1.57E+03	5.55	2.99	27.55	6	1.42	1	2.84	25.75	27.55	23.66	2000.43	1953.14	1.405	8.015	3.74	21.32	500.1	1800	0	88.42	-7.11	0.269	0.7	-0.22	2.74	1.00	0.00	0.16	111115
104	"14:02:06"	13301.0	0	12	0.155	235	5.06	2.97	27.38	6	1.42	1	2.84	25.54	27.38	23.48	398.47	381.71	1.776	7.802	4.78	21.01	500.2	1799	0	88.42	0.0516	0.279	1.0	-0.22	2.74	1.00	0.00	0.16	111115
"14:04:17 c19"
"14:04:20 Launched AutoProg /User/Configs/AutoProgs/A-CiCurve"
105	"14:05:25"	13500.0	0	21	0.613	293	12.6	2.15	26.92	6	1.42	1	2.84	25.57	26.92	23.52	401.11	370.36	1.153	16.021	3.10	43.06	500.1	1800	0	88.41	-0.2	0.343	0.7	-0.22	2.74	1.00	0.00	0.16	111115
106	"14:06:44"	13579.5	0	14.1	0.585	225	12.3	2.17	26.96	6	1.42	1	2.84	25.51	26.96	23.43	301.27	280.23	1.365	15.836	3.68	42.72	500.1	1801	0	88.41	-0.245	0.252	1.0	-0.22	2.74	1.00	0.00	0.16	111115
107	"14:07:59"	13654.5	0	8.05	0.566	153	12	2.18	26.95	6	1.42	1	2.84	25.43	26.95	23.34	198.71	186.37	1.588	15.722	4.30	42.61	500.1	1801	0	88.41	-0.105	0.26	1.0	-0.22	2.74	1.00	0.00	0.16	111115
108	"14:09:19"	13734.5	0	2.22	0.54	85.5	11.6	2.2	26.96	6	1.42	1	2.84	25.35	26.96	23.27	100.82	96.80	1.844	15.550	5.02	42.35	500.1	1800	0	88.4	-0.263	0.248	1.0	-0.22	2.74	1.00	0.00	0.16	111115
109	"14:10:38"	13813.0	0	-0.845	0.513	51.2	11.2	2.22	27.02	6	1.42	1	2.84	25.30	27.02	23.23	49.83	50.17	2.096	15.379	5.72	42.01	500.1	1800	0	88.4	-0.292	0.248	1.0	-0.22	2.74	1.00	0.00	0.16	111115
110	"14:12:16"	13911.5	0	17.7	0.48	292	10.7	2.25	27.02	6	1.42	1	2.84	25.23	27.02	23.16	399.11	373.09	2.431	15.115	6.67	41.46	500.1	1800	0	88.4	-0.415	0.235	1.0	-0.22	2.74	1.00	0.00	0.16	111115
111	"14:13:17"	13972.5	0	18.2	0.463	288	10.4	2.25	27.00	6	1.42	1	2.84	25.14	27.00	23.07	400.00	373.44	2.652	14.980	7.31	41.29	500.2	1801	0	88.4	-0.414	0.237	1.0	-0.22	2.74	1.00	0.00	0.16	111115
112	"14:15:17"	14092.5	0	26.9	0.437	429	9.95	2.26	26.94	6	1.42	1	2.84	25.00	26.94	22.93	599.98	561.03	3.078	14.833	8.56	41.24	500.1	1800	0	88.39	-1.05	0.239	1.0	-0.22	2.74	1.00	0.00	0.16	111115
113	"14:16:55"	14190.0	0	31.9	0.422	588	9.65	2.26	26.95	6	1.42	1	2.84	24.94	26.95	22.87	799.00	751.98	3.414	14.824	9.52	41.36	500.1	1801	0	88.39	-1.74	0.231	1.0	-0.22	2.74	1.00	0.00	0.16	111115
114	"14:19:06"	14321.0	0	35.5	0.411	948	9.32	2.23	26.83	6	1.42	1	2.84	24.77	26.83	22.71	1200.97	1145.55	3.869	14.879	10.90	41.93	500.2	1800	0	88.39	-3.73	0.231	0.7	-0.22	2.74	1.00	0.00	0.16	111115
115	"14:21:11"	14446.5	0	37.9	0.404	1.31E+03	9.1	2.21	26.82	6	1.42	1	2.84	24.70	26.82	22.64	1601.13	1538.85	4.289	15.039	12.14	42.56	500.1	1800	0	88.39	-6.54	0.225	0.7	-0.22	2.74	1.00	0.00	0.16	111115
116	"14:22:48"	14543.5	0	39.4	0.398	1.68E+03	9.01	2.22	26.92	6	1.42	1	2.84	24.75	26.92	22.69	2000.49	1932.38	4.605	15.244	12.99	43.01	500.1	1798	0	88.39	-9.39	0.232	0.7	-0.22	2.74	1.00	0.00	0.16	111115
117	"14:24:22"	14637.5	0	18.8	0.387	273	8.95	2.26	27.23	6	1.42	1	2.84	24.87	27.23	22.81	399.95	373.41	4.943	15.515	13.85	43.47	500.1	1801	0	88.39	-0.506	0.282	0.7	-0.22	2.74	1.00	0.00	0.16	111115
"14:34:18 e18 again"
"14:34:22 Launched AutoProg /User/Configs/AutoProgs/A-CiCurve"
118	"14:35:25"	15300.0	0	14.8	0.454	306	11.3	2.46	28.90	6	1.42	1	2.84	27.94	28.90	25.92	403.05	380.20	4.113	17.394	9.61	40.66	500.2	1801	0	88.38	-0.659	0.233	0.7	-0.22	2.74	1.00	0.00	0.16	111115
119	"14:36:51"	15386.5	0	10.4	0.439	231	10.6	2.4	28.68	6	1.42	1	2.84	27.30	28.68	25.20	300.86	284.80	5.019	17.559	12.17	42.59	500.2	1801	0	88.38	-0.346	0.278	1.0	-0.22	2.74	1.00	0.00	0.16	111115
120	"14:38:11"	15466.5	0	5.94	0.425	157	10.1	2.34	28.46	6	1.42	1	2.84	26.86	28.46	24.76	198.87	189.44	5.752	17.656	14.32	43.94	500.2	1801	0	88.38	-0.286	0.285	1.0	-0.22	2.74	1.00	0.00	0.16	111115
121	"14:39:35"	15550.5	0	1.53	0.414	86.9	9.62	2.28	28.27	6	1.42	1	2.84	26.53	28.27	24.44	100.42	97.45	6.482	17.813	16.46	45.22	500.2	1799	0	88.37	-0.389	0.294	1.0	-0.22	2.74	1.00	0.00	0.16	111115
122	"14:40:57"	15632.5	0	-0.681	0.405	51.8	9.32	2.25	28.26	6	1.42	1	2.84	26.38	28.26	24.30	50.68	50.93	7.143	18.117	18.30	46.41	500.2	1800	0	88.37	-0.399	0.293	1.0	-0.22	2.74	1.00	0.00	0.16	111115
123	"14:43:07"	15762.5	0	13.8	0.394	303	8.82	2.18	28.13	6	1.42	1	2.84	26.15	28.13	24.06	400.03	379.49	8.166	18.550	21.20	48.16	500.2	1801	0	88.37	-0.663	0.284	1.0	-0.22	2.74	1.00	0.00	0.16	111115
124	"14:44:07"	15822.0	0	14.1	0.393	301	8.62	2.14	28.00	6	1.42	1	2.84	25.99	28.00	23.90	400.00	379.11	8.598	18.740	22.53	49.11	500.2	1800	0	88.37	-0.69	0.299	1.0	-0.22	2.74	1.00	0.00	0.16	111115
125	"14:46:11"	15946.5	0	20.2	0.386	457	8.23	2.08	27.86	6	1.42	1	2.84	25.77	27.86	23.69	599.73	569.88	9.443	19.121	25.07	50.76	500.2	1801	0	88.37	-1.27	0.296	1.0	-0.22	2.74	1.00	0.00	0.16	111115
126	"14:48:03"	16058.5	0	23.8	0.382	627	7.92	2.02	27.75	6	1.42	1	2.84	25.59	27.75	23.52	799.89	764.07	10.190	19.511	27.34	52.34	500.2	1800	0	88.37	-2.22	0.293	1.0	-0.22	2.74	1.00	0.00	0.16	111115
127	"14:49:43"	16158.5	0	24.7	0.367	999	7.62	2.01	27.83	6	1.42	1	2.84	25.41	27.83	23.35	1199.06	1158.81	10.806	19.770	29.31	53.61	500.2	1801	0	88.37	-3.92	0.325	0.7	-0.22	2.74	1.00	0.00	0.16	111115
128	"14:51:47"	16282.0	0	26.9	0.357	1.37E+03	7.24	1.95	27.70	6	1.42	1	2.84	25.22	27.70	23.16	1600.09	1554.33	11.579	20.089	31.76	55.09	500.1	1801	0	88.37	-6.85	0.321	1.0	-0.22	2.74	1.00	0.00	0.16	111115
129	"14:53:23"	16378.0	0	28.3	0.353	1.74E+03	7.01	1.91	27.62	6	1.42	1	2.84	25.10	27.62	23.03	2000.77	1950.38	12.172	20.405	33.63	56.38	500.1	1800	0	88.37	-9.67	0.317	0.7	-0.22	2.74	1.00	0.00	0.16	111115
130	"14:55:10"	16485.0	0	12.9	0.344	304	6.71	1.87	27.56	6	1.42	1	2.84	24.96	27.56	22.92	399.79	381.30	12.781	20.668	35.61	57.58	500.1	1800	0	88.37	-0.862	0.387	1.0	-0.22	2.74	1.00	0.00	0.16	111115
"15:00:01 f16"
"15:00:04 Launched AutoProg /User/Configs/AutoProgs/A-CiCurve"
131	"15:01:41"	16876.0	0	22.1	0.632	288	12.5	2.09	26.18	6	1.42	1	2.84	25.30	26.18	23.28	399.09	367.10	0.123	14.950	0.34	40.80	500.2	1799	0	88.36	-0.551	0.195	0.7	-0.22	2.74	1.00	0.00	0.16	111115
132	"15:03:04"	16959.0	0	17.1	0.634	215	12.6	2.1	26.26	6	1.42	1	2.84	25.32	26.26	23.29	300.17	275.42	0.092	15.035	0.25	40.98	500.2	1800	0	88.35	-0.421	0.204	1.0	-0.22	2.74	1.00	0.00	0.16	111115
133	"15:04:21"	17036.5	0	10.3	0.633	146	12.8	2.12	26.41	6	1.42	1	2.84	25.44	26.41	23.40	198.72	183.55	0.075	15.145	0.20	40.99	500.2	1799	0	88.35	-0.169	0.209	1.0	-0.22	2.74	1.00	0.00	0.16	111115
134	"15:05:41"	17116.0	0	3.29	0.625	82.3	12.9	2.16	26.68	6	1.42	1	2.84	25.68	26.68	23.62	101.26	95.83	0.065	15.293	0.17	40.82	500.2	1800	0	88.35	-0.326	0.23	1.0	-0.22	2.74	1.00	0.00	0.16	111115
135	"15:06:59"	17194.5	0	-0.502	0.608	50.1	12.9	2.21	26.91	6	1.42	1	2.84	25.88	26.91	23.82	50.76	50.58	0.057	15.281	0.15	40.30	500.2	1800	0	88.34	-0.403	0.23	1.0	-0.22	2.74	1.00	0.00	0.16	111115
136	"15:08:37"	17292.5	0	22.4	0.578	281	12.7	2.27	27.12	6	1.42	1	2.84	26.09	27.12	24.03	399.64	367.15	0.048	15.066	0.13	39.24	500.2	1800	0	88.34	-0.493	0.225	0.7	-0.22	2.74	1.00	0.00	0.16	111115
137	"15:09:39"	17354.5	0	22.3	0.555	279	12.4	2.3	27.13	6	1.42	1	2.84	26.06	27.13	24.00	399.66	367.46	0.042	14.755	0.11	38.50	500.2	1801	0	88.34	-0.334	0.223	1.0	-0.22	2.74	1.00	0.00	0.16	111115
138	"15:11:51"	17486.0	0	30.4	0.518	425	12.1	2.38	27.35	6	1.42	1	2.84	26.19	27.35	24.15	599.54	555.03	0.039	14.398	0.10	37.27	500.2	1799	0	88.34	-0.87	0.229	1.0	-0.22	2.74	1.00	0.00	0.16	111115
139	"15:13:41"	17596.0	0	33.7	0.491	592	12	2.46	27.62	6	1.42	1	2.84	26.41	27.62	24.36	799.44	748.23	0.039	14.201	0.10	36.28	500.2	1800	0	88.34	-1.4	0.238	1.0	-0.22	2.74	1.00	0.00	0.16	111115
140	"15:15:24"	17699.5	0	33.4	0.461	961	11.7	2.53	27.83	6	1.42	1	2.84	26.40	27.83	24.36	1196.85	1140.82	0.031	13.880	0.08	35.49	500.2	1801	0	88.33	-2.91	0.268	0.7	-0.22	2.74	1.00	0.00	0.16	111115
141	"15:16:56"	17791.5	0	34.1	0.449	1.33E+03	11.6	2.57	27.98	6	1.42	1	2.84	26.52	27.98	24.49	1600.35	1537.95	0.027	13.780	0.07	34.99	500.2	1799	0	88.33	-5.17	0.264	0.7	-0.22	2.74	1.00	0.00	0.16	111115
142	"15:19:08"	17923.5	0	34.8	0.433	1.7E+03	11.5	2.61	28.09	6	1.42	1	2.84	26.58	28.09	24.54	1999.90	1931.64	0.024	13.583	0.06	34.36	500.2	1798	0	88.33	-7.71	0.259	0.7	-0.22	2.74	1.00	0.00	0.16	111115
143	"15:21:20"	18055.5	0	20.1	0.422	268	11.5	2.69	28.48	6	1.42	1	2.84	26.97	28.48	24.94	398.58	369.35	0.028	13.690	0.07	33.83	500.2	1801	0	88.32	-0.191	0.274	1.0	-0.22	2.74	1.00	0.00	0.16	111115
"15:24:17 f19"
"15:24:20 Launched AutoProg /User/Configs/AutoProgs/A-CiCurve"
144	"15:25:55"	18330.0	0	16.5	0.543	303	12.6	2.37	27.49	6	1.42	1	2.84	26.45	27.49	24.44	399.96	374.52	0.009	14.887	0.02	37.95	500.2	1801	0	88.32	-0.187	0.249	1.0	-0.22	2.74	1.00	0.00	0.16	111115
145	"15:27:22"	18417.5	0	12	0.526	229	12.2	2.37	27.30	6	1.42	1	2.84	26.19	27.30	24.19	300.52	281.95	0.004	14.468	0.01	37.43	500.2	1801	0	88.31	-0.149	0.241	1.0	-0.22	2.74	1.00	0.00	0.16	111115
146	"15:28:41"	18496.5	0	7.15	0.513	154	12	2.36	27.16	6	1.42	1	2.84	25.98	27.16	23.97	198.70	187.43	0.000	14.152	0.00	37.08	500.2	1800	0	88.3	-0.199	0.253	1.0	-0.22	2.74	1.00	0.00	0.16	111115
147	"15:30:06"	18581.5	0	2.04	0.499	85.5	11.7	2.36	26.98	6	1.42	1	2.84	25.75	26.98	23.74	100.79	96.98	-0.004	13.789	-0.01	36.62	500.2	1800	0	88.3	-0.247	0.243	1.0	-0.22	2.74	1.00	0.00	0.16	111115
148	"15:31:23"	18658.0	0	-0.585	0.486	50.4	11.4	2.37	26.92	6	1.42	1	2.84	25.63	26.92	23.63	50.38	50.39	-0.003	13.536	-0.01	36.21	500.1	1798	0	88.29	-0.385	0.244	1.0	-0.22	2.74	1.00	0.00	0.16	111115
149	"15:33:34"	18789.0	0	16	0.467	298	11.2	2.4	26.93	6	1.42	1	2.84	25.56	26.93	23.55	400.05	375.80	-0.006	13.227	-0.02	35.51	500.1	1799	0	88.28	-0.511	0.238	1.0	-0.22	2.74	1.00	0.00	0.16	111115
150	"15:34:37"	18852.5	0	16.1	0.458	297	11	2.4	26.90	6	1.42	1	2.84	25.50	26.90	23.47	400.06	375.74	-0.008	13.070	-0.02	35.22	500.2	1800	0	88.28	-0.402	0.238	1.0	-0.22	2.74	1.00	0.00	0.16	111115
151	"15:36:43"	18978.5	0	23.1	0.445	448	10.8	2.42	26.85	6	1.42	1	2.84	25.42	26.85	23.39	600.09	565.01	-0.007	12.806	-0.02	34.68	500.2	1799	0	88.27	-0.966	0.225	1.0	-0.22	2.74	1.00	0.00	0.16	111115
152	"15:38:41"	19096.0	0	27	0.424	609	10.6	2.48	27.03	6	1.42	1	2.84	25.35	27.03	23.33	796.32	754.30	-0.007	12.585	-0.02	34.21	500.1	1799	0	88.27	-1.58	0.255	0.7	-0.22	2.74	1.00	0.00	0.16	111115
153	"15:40:53"	19228.0	0	29.9	0.416	972	10.5	2.49	27.08	6	1.42	1	2.84	25.36	27.08	23.34	1200.56	1150.12	-0.003	12.467	-0.01	33.88	500.1	1799	0	88.27	-3.57	0.25	1.0	-0.22	2.74	1.00	0.00	0.16	111115
154	"15:43:00"	19355.5	0	32.8	0.407	1.33E+03	10.7	2.59	27.62	6	1.42	1	2.84	25.85	27.62	23.80	1600.79	1541.66	0.017	12.721	0.05	33.57	500.2	1800	0	88.27	-5.75	0.257	0.7	-0.22	2.74	1.00	0.00	0.16	111115
155	"15:44:37"	19452.5	0	33.8	0.397	1.69E+03	10.9	2.67	28.07	6	1.42	1	2.84	26.30	28.07	24.23	2000.08	1934.33	0.035	12.889	0.09	33.13	500.2	1800	0	88.26	-7.38	0.25	0.7	-0.22	2.74	1.00	0.00	0.16	111115
156	"15:46:45"	19580.0	0	15.1	0.386	289	10.9	2.76	28.48	6	1.42	1	2.84	26.70	28.48	24.62	399.02	376.00	0.061	12.993	0.15	32.62	500.2	1800	0	88.25	-0.0914	0.273	1.0	-0.22	2.74	1.00	0.00	0.16	111115
"15:51:37 h9"
"15:51:41 Launched AutoProg /User/Configs/AutoProgs/A-CiCurve"
157	"15:52:45"	19940.0	0	16	0.307	267	9.94	3.08	29.45	6	1.42	1	2.84	27.52	29.45	25.44	399.45	375.83	0.137	11.913	0.33	28.49	500.2	1801	0	88.25	0.175	0.335	1.0	-0.22	2.74	1.00	0.00	0.16	111115
158	"15:54:07"	20022.5	0	11.3	0.301	203	9.7	3.06	29.28	6	1.42	1	2.84	27.43	29.28	25.38	299.26	282.46	0.159	11.663	0.38	28.05	500.1	1801	0	88.25	0.194	0.337	1.0	-0.22	2.74	1.00	0.00	0.16	111115
159	"15:55:28"	20103.0	0	6.48	0.283	141	9.23	3.07	29.14	6	1.42	1	2.84	27.23	29.14	25.16	200.31	190.43	0.185	11.136	0.45	27.09	500.2	1801	0	88.25	0.158	0.249	1.0	-0.22	2.74	1.00	0.00	0.16	111115
160	"15:56:54"	20189.0	0	1.44	0.277	83.5	9	3.05	28.96	6	1.42	1	2.84	27.02	28.96	24.96	100.40	97.62	0.219	10.892	0.54	26.82	500.2	1800	0	88.24	0.0505	0.25	1.0	-0.22	2.74	1.00	0.00	0.16	111115
161	"15:58:11"	20266.0	0	-1.08	0.278	55.2	8.94	3.02	28.84	6	1.42	1	2.84	26.88	28.84	24.83	50.64	51.39	0.256	10.867	0.64	26.98	500.2	1800	0	88.24	-0.0396	0.242	1.0	-0.22	2.74	1.00	0.00	0.16	111115
162	"16:00:23"	20398.0	0	15.5	0.285	265	8.99	2.97	28.67	6	1.42	1	2.84	26.74	28.67	24.68	399.90	377.26	0.331	10.996	0.83	27.53	500.2	1801	0	88.24	-0.119	0.252	1.0	-0.22	2.74	1.00	0.00	0.16	111115
163	"16:01:25"	20460.5	0	15.7	0.287	264	9	2.96	28.64	6	1.42	1	2.84	26.71	28.64	24.66	399.96	377.01	0.371	11.050	0.93	27.71	500.2	1800	0	88.24	-0.00527	0.255	1.0	-0.22	2.74	1.00	0.00	0.16	111115
164	"16:03:36"	20591.0	0	21.5	0.284	409	8.92	2.97	28.66	6	1.42	1	2.84	26.70	28.66	24.65	599.44	567.56	0.485	11.070	1.22	27.78	500.2	1799	0	88.24	-0.575	0.243	1.0	-0.22	2.74	1.00	0.00	0.16	111115
165	"16:05:35"	20710.5	0	24.6	0.276	571	8.71	2.97	28.63	6	1.42	1	2.84	26.64	28.63	24.58	799.43	761.93	0.625	10.960	1.57	27.60	500.1	1800	0	88.23	-1.46	0.235	1.0	-0.22	2.74	1.00	0.00	0.16	111115
166	"16:07:46"	20841.5	0	26.2	0.271	933	8.55	2.96	28.61	6	1.42	1	2.84	26.59	28.61	24.54	1200.53	1157.26	0.844	10.993	2.13	27.75	500.2	1801	0	88.23	-3.21	0.238	0.7	-0.22	2.74	1.00	0.00	0.16	111115
167	"16:09:41"	20956.5	0	28.2	0.268	1.29E+03	8.35	2.92	28.45	6	1.42	1	2.84	26.41	28.45	24.35	1600.21	1550.86	1.120	11.028	2.86	28.15	500.1	1801	0	88.23	-5.6	0.232	1.0	-0.22	2.74	1.00	0.00	0.16	111115
168	"16:11:19"	21054.0	0	29.1	0.266	1.66E+03	8.21	2.89	28.39	6	1.42	1	2.84	26.33	28.39	24.27	1999.84	1945.75	1.448	11.195	3.71	28.70	500.1	1801	0	88.23	-8.09	0.225	0.7	-0.22	2.74	1.00	0.00	0.16	111115
169	"16:13:30"	21185.0	0	13.8	0.265	272	8.01	2.83	28.23	6	1.42	1	2.84	26.12	28.23	24.06	398.45	378.32	1.999	11.500	5.19	29.85	500.1	1801	0	88.23	-0.142	0.245	0.7	-0.22	2.74	1.00	0.00	0.16	111115
