"OPEN 6.1.4"
"Tue Sep  9 2014 12:35:20"
<open><version>"6.1.4"</version></open>
<open><configfile>"/User/Configs/UserPrefs/LED2x3.xml"</configfile></open>
<open><light><source>"6400-02 or -02B LED Source"</source><par_in>1 <sensor>"SI-804"<cal>-0.77<actinity>1.00</actinity><transm>1.00</transm></cal></sensor><transm>1 </transm></par_in><par_out>1 <sensor>"Q27722"<cal>7.2 </cal></sensor></par_out></light></open>
<open><comps><file>"/User/Configs/Comps/StdComps_6.1"<header>""</header><extras></extras></file><energybal>no<f_parIn>1 </f_parIn><f_parOut>0 </f_parOut><alphaK>0.16</alphaK></energybal><bc_total>2.840<stomatal_ratio>1</stomatal_ratio><bc_oneside>1.420<type>2 </type><table>"/Sys/Lib/StdBLCTable"</table><area>6</area><slope>-0.219565 </slope><offset>2.73739 </offset><fan>5 </fan></bc_oneside></bc_total></comps></open>
<open><prompts><onlog>off</onlog><items>"Default (none)"</items></prompts></open>
<open><constants><oxygen>21 %</oxygen><bb_vapor>1.5 </bb_vapor><bb_oxy>0.9 </bb_oxy></constants></open>
<open><stability><items>"Std Stability"<items[1]><id>-2 </id><size>15 </size><pcv><onoff>0 </onoff><value>1 </value></pcv><std><onoff>0 </onoff><value>1 </value></std><slp><onoff>1 </onoff><value>1 </value></slp></items[1]><items[2]><id>-5 </id><size>15 </size><pcv><onoff>0 </onoff><value>1 </value></pcv><std><onoff>0 </onoff><value>1 </value></std><slp><onoff>1 </onoff><value>1 </value></slp></items[2]><items[3]><id>-7 </id><size>15 </size><pcv><onoff>0 </onoff><value>1 </value></pcv><std><onoff>0 </onoff><value>1 </value></std><slp><onoff>1 </onoff><value>1 </value></slp></items[3]></items></stability></open>
<open><log><format>"StdLogFmt_6.0"<items>{ -35  -21  -36  -76  30  23  36  21  25  221  -33  111  -34  11  -9  -10  -8  -1  -2  -4  -5  -14  -15  -7  -12  -13  -11  -65  -66  -72  -18  -19  -77  -78  -79  -23   }<hdr>{  }</hdr></items></format><options><beep>on</beep><hdr>normal</hdr><rem>normal</rem><stab>no</stab><stats>no<period>15 </period></stats><excel>yes</excel><comm>no</comm></options><datafile>"/User/09-09-2014-ims-aci-leila"</datafile><button><action>"Normal Log"<code>" LogOneObsManual "</code></action></button><autoprog>"/User/Configs/AutoProgs/AutoLog"<active>no</active></autoprog></log></open>
<open><a2d><avgtime>4.0 secs</avgtime><userchans><ch20>"Off"</ch20><ch21>"Off"</ch21><ch22>"Off"</ch22><ch23>"Off"</ch23></userchans></a2d></open>
<open><matching><type>0 </type><disp>'a'</disp><settings><CO2Limit>10.0</CO2Limit><H2OLimit>1.0</H2OLimit><MaxAutoTime>60 </MaxAutoTime></settings></matching></open>
<li6400><factory><unit>"PSC-831"</unit><serviced>"19 Mar 2013"</serviced><fuseaware>0 </fuseaware><co2mixer>yes</co2mixer><co2><coeffs>{ 0  0.206921  4.17565e-05  8.51987e-09  5.09183e-14  4.55511e-18   }</coeffs><dvdt>-2.2 </dvdt><xs>{ -1e-04  -0.0012   }</xs></co2><h2o><coeffs>{ 0  0.00595372  2.01424e-06  4.48368e-11   }</coeffs><dvdt>-3.4 </dvdt><xs>{ -0.0002  -0.0025   }</xs></h2o><flow>{ 0  0.3736   }</flow><press>{ 88.939  0.00548   }</press></factory></li6400>
<li6400><user><flow_zero>-42.7</flow_zero><irga_zero><co2>74.3 35.3<at>25.5944 </at></co2><h2o>35.3 113.4<at>26.0897 </at></h2o></irga_zero><irga_span><co2>{ 0.990834  0.991271   }</co2><h2o>{ 0.998822  0.996537   }</h2o></irga_span><irga_match><co2>{ -1.07733  0.934214   }</co2><h2o>{ -0.0815214  0.0765648   }</h2o></irga_match><co2_mixer><pump_mv>4500 </pump_mv><ppm>{ 2478.92  1136.01  439.638  264.497  118.599  68.1245  44.6437  38.5244   }</ppm><mv>{ 5000  3000  1500  1000  500  300  200  100   }</mv></co2_mixer><parin_offset>0 </parin_offset><led_cal><unit>"SI-804"</unit><mv>{ 10  25  50  100  1000  2000  3000  4000  5000   }</mv><qntm>{ 1.8799  8.366  21.1032  46.9937  565.667  1105.28  1605.22  2070.8  2493.99   }</qntm></led_cal><lcf_cal><unit>"unknown"</unit><red><mv>{ 50  100  500  1000  1500  5000   }</mv><qntm>{ 50  100  500  1000  2000  5000   }</qntm></red><blue><mv>{ 100  200  500  1000  2000  5000   }</mv><qntm>{ 10  20  50  100  200  500   }</qntm></blue></lcf_cal></user></li6400>
"12:35:22 "
$STARTOFDATA$
"Obs"	"HHMMSS"	"FTime"	"EBal?"	"Photo"	"Cond"	"Ci"	"Trmmol"	"VpdL"	"CTleaf"	"Area"	"BLC_1"	"StmRat"	"BLCond"	"Tair"	"Tleaf"	"TBlk"	"CO2R"	"CO2S"	"H2OR"	"H2OS"	"RH_R"	"RH_S"	"Flow"	"PARi"	"PARo"	"Press"	"CsMch"	"HsMch"	"StableF"	"BLCslope"	"BLCoffst"	"f_parin"	"f_parout"	"alphaK"	"Status"
"12:47:27 a10"
"12:47:34 Launched AutoProg /User/Configs/AutoProgs/A-CiCurve"
1	"12:50:03"	900.5	0	8.66	0.218	302	5.99	2.56	25.08	6	1.42	1	2.84	24.81	25.08	23.98	399.17	386.00	0.014	7.146	0.04	20.09	500.2	1800	0	88.4	-0.36	0.000743	1.0	-0.22	2.74	1.00	0.00	0.16	111115
2	"12:51:24"	981.5	0	6.09	0.211	230	5.9	2.6	25.22	6	1.42	1	2.84	24.83	25.22	23.96	301.01	291.64	0.012	7.035	0.03	19.76	500.2	1799	0	88.4	0.204	0.0101	1.0	-0.22	2.74	1.00	0.00	0.16	111115
3	"12:52:47"	1065.0	0	3.58	0.204	155	5.76	2.61	25.22	6	1.42	1	2.84	24.54	25.22	23.38	198.57	192.94	0.016	6.876	0.04	19.65	500.2	1799	0	88.4	0.184	0.0124	1.0	-0.22	2.74	1.00	0.00	0.16	111115
4	"12:54:09"	1146.5	0	0.986	0.199	86.2	5.61	2.61	25.13	6	1.42	1	2.84	24.37	25.13	23.18	100.87	99.03	0.015	6.701	0.04	19.34	500.2	1800	0	88.4	0.283	0.0229	1.0	-0.22	2.74	1.00	0.00	0.16	111115
5	"12:55:27"	1224.5	0	-0.169	0.194	49.9	5.51	2.62	25.13	6	1.42	1	2.84	24.38	25.13	23.18	50.95	50.82	0.020	6.582	0.06	19.00	500.2	1799	0	88.4	0.0845	0.0215	1.0	-0.22	2.74	1.00	0.00	0.16	111115
6	"12:57:34"	1351.5	0	7.93	0.188	300	5.39	2.65	25.19	6	1.42	1	2.84	24.40	25.19	23.18	400.43	388.40	0.023	6.447	0.07	18.58	500.2	1799	0	88.4	-0.048	0.027	1.0	-0.22	2.74	1.00	0.00	0.16	111115
7	"12:58:36"	1413.5	0	7.95	0.186	300	5.34	2.64	25.16	6	1.42	1	2.84	24.30	25.16	22.98	400.39	388.36	0.026	6.395	0.07	18.54	500.2	1799	0	88.39	-0.0768	0.0362	1.0	-0.22	2.74	1.00	0.00	0.16	111115
8	"13:00:38"	1536.0	0	11.6	0.182	451	5.21	2.63	25.01	6	1.42	1	2.84	24.12	25.01	22.79	600.34	582.82	0.029	6.240	0.09	18.28	500.2	1799	0	88.39	-0.692	0.0367	1.0	-0.22	2.74	1.00	0.00	0.16	111115
9	"13:02:18"	1635.5	0	13.8	0.18	614	5.16	2.64	25.06	6	1.42	1	2.84	24.16	25.06	22.80	799.06	777.64	0.034	6.188	0.10	18.09	500.2	1800	0	88.39	-1.47	0.036	1.0	-0.22	2.74	1.00	0.00	0.16	111115
10	"13:04:29"	1766.5	0	16.9	0.179	1.15E+03	5.17	2.66	25.15	6	1.42	1	2.84	24.01	25.15	22.40	1400.12	1371.41	0.049	6.207	0.15	18.31	500.2	1800	0	88.38	-4.74	0.0459	0.7	-0.22	2.74	1.00	0.00	0.16	111115
11	"13:06:16"	1873.5	0	5.37	0.178	227	5.13	2.65	25.10	6	1.42	1	2.84	23.71	25.10	21.81	298.82	290.59	0.059	6.175	0.18	18.55	500.1	1800	0	88.39	-0.00457	0.0688	0.7	-0.22	2.74	1.00	0.00	0.16	111115
12	"13:07:41"	1958.5	0	3.31	0.178	154	5.12	2.65	25.07	6	1.42	1	2.84	23.70	25.07	21.81	198.86	193.70	0.070	6.179	0.21	18.57	500.2	1801	0	88.38	0.212	0.0777	1.0	-0.22	2.74	1.00	0.00	0.16	111115
13	"13:09:07"	2045.0	0	0.796	0.176	86.9	5.01	2.62	24.84	6	1.42	1	2.84	23.58	24.84	21.81	100.50	98.95	0.067	6.039	0.20	18.28	500.2	1801	0	88.39	0.186	0.0755	1.0	-0.22	2.74	1.00	0.00	0.16	111115
14	"13:10:25"	2122.5	0	-0.336	0.172	51.2	4.91	2.62	24.78	6	1.42	1	2.84	23.27	24.78	21.42	50.22	50.33	0.064	5.918	0.20	18.25	500.1	1801	0	88.39	0.0159	0.108	1.0	-0.22	2.74	1.00	0.00	0.16	111115
15	"13:12:31"	2248.5	0	7.67	0.169	296	4.85	2.64	24.87	6	1.42	1	2.84	23.74	24.87	22.40	400.56	389.09	0.061	5.851	0.18	17.53	500.1	1801	0	88.39	-0.0951	0.0893	1.0	-0.22	2.74	1.00	0.00	0.16	111115
16	"13:13:32"	2309.5	0	7.53	0.167	297	4.83	2.65	24.90	6	1.42	1	2.84	23.76	24.90	22.40	400.44	389.15	0.062	5.822	0.18	17.43	500.1	1801	0	88.39	0.0471	0.0884	1.0	-0.22	2.74	1.00	0.00	0.16	111115
17	"13:15:35"	2433.0	0	11.1	0.165	445	4.75	2.64	24.84	6	1.42	1	2.84	23.73	24.84	22.40	600.02	583.36	0.058	5.725	0.17	17.18	500.1	1801	0	88.38	-0.548	0.0751	1.0	-0.22	2.74	1.00	0.00	0.16	111115
18	"13:17:16"	2533.5	0	13.5	0.162	606	4.72	2.66	24.92	6	1.42	1	2.84	23.86	24.92	22.59	799.89	779.34	0.062	5.690	0.18	16.94	500.2	1799	0	88.38	-1.39	0.074	1.0	-0.22	2.74	1.00	0.00	0.16	111115
19	"13:19:27"	2665.0	0	15.3	0.161	964	4.69	2.66	24.91	6	1.42	1	2.84	23.75	24.91	22.39	1200.52	1175.53	0.062	5.654	0.18	16.94	500.2	1802	0	88.38	-3.19	0.0631	1.0	-0.22	2.74	1.00	0.00	0.16	111115
20	"13:21:28"	2786.0	0	16.7	0.158	1.32E+03	4.61	2.66	24.86	6	1.42	1	2.84	23.80	24.86	22.59	1601.06	1572.35	0.060	5.558	0.18	16.60	500.2	1800	0	88.38	-5.83	0.0585	1.0	-0.22	2.74	1.00	0.00	0.16	111115
21	"13:22:57"	2874.5	0	17.8	0.157	1.7E+03	4.59	2.67	24.88	6	1.42	1	2.84	23.83	24.88	22.59	2010.05	1977.82	0.061	5.535	0.18	16.50	500.2	1799	0	88.37	-8.91	0.0572	1.0	-0.22	2.74	1.00	0.00	0.16	111125
22	"13:25:03"	3001.0	0	6.86	0.156	298	4.58	2.68	24.92	6	1.42	1	2.84	23.83	24.92	22.59	398.62	388.26	0.063	5.521	0.19	16.46	500.2	1800	0	88.37	0.0127	0.0589	1.0	-0.22	2.74	1.00	0.00	0.16	111125
"13:29:56 a19"
"13:29:59 Launched AutoProg /User/Configs/AutoProgs/A-CiCurve"
23	"13:31:03"	3360.5	0	9.48	0.183	281	5.66	2.84	26.36	6	1.42	1	2.84	25.05	26.36	24.15	399.61	385.63	0.109	6.851	0.30	18.98	500.1	1799	0	88.36	0.098	0.112	1.0	-0.22	2.74	1.00	0.00	0.16	111115
24	"13:32:25"	3442.5	0	6.84	0.184	215	5.55	2.77	25.93	6	1.42	1	2.84	24.32	25.93	22.50	300.55	290.42	0.118	6.727	0.34	19.46	500.2	1800	0	88.36	-0.237	0.0572	0.7	-0.22	2.74	1.00	0.00	0.16	111115
25	"13:33:49"	3527.0	0	4.06	0.183	148	5.38	2.7	25.50	6	1.42	1	2.84	23.65	25.50	21.67	199.62	193.49	0.123	6.532	0.37	19.68	500.2	1801	0	88.36	-0.0913	0.0621	1.0	-0.22	2.74	1.00	0.00	0.16	111115
26	"13:35:15"	3613.0	0	1.13	0.182	83.9	5.25	2.66	25.23	6	1.42	1	2.84	23.41	25.23	21.61	100.83	98.85	0.137	6.399	0.42	19.56	500.2	1800	0	88.35	-0.0499	0.0648	1.0	-0.22	2.74	1.00	0.00	0.16	111115
27	"13:36:40"	3698.0	0	-0.408	0.18	51.2	5.15	2.64	25.07	6	1.42	1	2.84	23.23	25.07	21.42	49.67	49.85	0.159	6.297	0.49	19.46	500.2	1800	0	88.36	-0.188	0.0624	1.0	-0.22	2.74	1.00	0.00	0.16	111115
28	"13:38:51"	3828.5	0	9.27	0.176	282	5.03	2.62	24.96	6	1.42	1	2.84	23.18	24.96	21.42	400.54	387.09	0.206	6.200	0.64	19.22	500.2	1800	0	88.35	-0.347	0.0621	1.0	-0.22	2.74	1.00	0.00	0.16	111115
29	"13:39:52"	3890.0	0	9.29	0.174	280	4.97	2.62	24.94	6	1.42	1	2.84	23.17	24.94	21.42	399.66	386.21	0.232	6.158	0.72	19.10	500.2	1800	0	88.35	-0.431	0.0597	1.0	-0.22	2.74	1.00	0.00	0.16	111115
30	"13:41:51"	4009.0	0	14	0.17	418	4.86	2.62	24.90	6	1.42	1	2.84	23.13	24.90	21.43	600.39	580.27	0.299	6.098	0.93	18.95	500.2	1800	0	88.35	-1.02	0.0602	1.0	-0.22	2.74	1.00	0.00	0.16	111115
31	"13:43:31"	4109.0	0	16.8	0.167	573	4.78	2.62	24.85	6	1.42	1	2.84	23.20	24.85	21.62	799.02	774.40	0.367	6.066	1.14	18.78	500.2	1801	0	88.35	-1.7	0.0513	1.0	-0.22	2.74	1.00	0.00	0.16	111115
32	"13:45:17"	4214.5	0	19.9	0.165	1.11E+03	4.74	2.63	24.93	6	1.42	1	2.84	23.35	24.93	21.81	1400.72	1369.06	0.459	6.113	1.41	18.75	500.2	1800	0	88.35	-4.91	0.0587	0.7	-0.22	2.74	1.00	0.00	0.16	111115
33	"13:46:52"	4309.5	0	6.48	0.162	211	4.68	2.65	25.06	6	1.42	1	2.84	22.88	25.06	20.90	299.59	290.19	0.551	6.133	1.74	19.36	500.2	1799	0	88.34	-0.27	0.0906	1.0	-0.22	2.74	1.00	0.00	0.16	111115
34	"13:48:38"	4415.5	0	3.85	0.161	146	4.61	2.61	24.88	6	1.42	1	2.84	22.79	24.88	21.03	199.41	193.72	0.668	6.168	2.12	19.56	500.2	1800	0	88.34	-0.025	0.0815	1.0	-0.22	2.74	1.00	0.00	0.16	111115
35	"13:50:03"	4500.5	0	0.956	0.161	84.4	4.59	2.6	24.86	6	1.42	1	2.84	22.79	24.86	21.03	100.44	98.75	0.769	6.245	2.44	19.82	500.2	1800	0	88.34	-0.0179	0.0833	1.0	-0.22	2.74	1.00	0.00	0.16	111115
36	"13:51:20"	4577.5	0	-0.252	0.161	51.5	4.58	2.6	24.90	6	1.42	1	2.84	22.89	24.90	21.24	51.28	51.30	0.873	6.332	2.75	19.96	500.2	1800	0	88.33	-0.145	0.0814	1.0	-0.22	2.74	1.00	0.00	0.16	111115
37	"13:53:28"	4705.5	0	8.95	0.162	278	4.62	2.61	25.04	6	1.42	1	2.84	22.98	25.04	21.23	399.97	387.09	1.059	6.562	3.32	20.58	500.2	1799	0	88.33	-0.369	0.0841	1.0	-0.22	2.74	1.00	0.00	0.16	111115
38	"13:54:28"	4765.5	0	9.18	0.162	276	4.62	2.61	25.08	6	1.42	1	2.84	22.99	25.08	21.23	400.04	386.88	1.151	6.657	3.61	20.87	500.2	1800	0	88.33	-0.482	0.0894	1.0	-0.22	2.74	1.00	0.00	0.16	111115
"13:55:30 a19 again"
"13:55:34 Launched AutoProg /User/Configs/AutoProgs/A-CiCurve"
39	"13:58:45"	5022.5	0	9.23	0.158	272	4.83	2.79	26.30	6	1.42	1	2.84	24.45	26.30	22.77	399.89	386.58	1.552	7.307	4.46	20.98	500.1	1799	0	88.33	-0.33	0.0913	0.7	-0.22	2.74	1.00	0.00	0.16	111115
40	"14:00:05"	5102.5	0	6.69	0.159	208	4.76	2.73	26.04	6	1.42	1	2.84	23.83	26.04	21.87	300.50	290.81	1.680	7.349	5.01	21.89	500.2	1799	0	88.33	-0.18	0.0931	1.0	-0.22	2.74	1.00	0.00	0.16	111115
41	"14:01:19"	5177.0	0	3.72	0.16	147	4.7	2.68	25.82	6	1.42	1	2.84	23.49	25.82	21.48	199.79	194.24	1.800	7.401	5.48	22.52	500.2	1799	0	88.33	0.0201	0.105	1.0	-0.22	2.74	1.00	0.00	0.16	111115
42	"14:02:42"	5260.0	0	1.24	0.161	81.2	4.67	2.65	25.68	6	1.42	1	2.84	23.31	25.68	21.30	100.58	98.54	1.950	7.510	6.00	23.10	500.1	1799	0	88.33	-0.166	0.109	1.0	-0.22	2.74	1.00	0.00	0.16	111115
43	"14:04:02"	5340.0	0	-0.396	0.163	52.9	4.66	2.62	25.58	6	1.42	1	2.84	23.22	25.58	21.19	51.12	51.30	2.095	7.645	6.48	23.63	500.2	1799	0	88.33	-0.127	0.116	1.0	-0.22	2.74	1.00	0.00	0.16	111115
44	"14:06:10"	5468.0	0	9.01	0.163	279	4.64	2.59	25.56	6	1.42	1	2.84	23.18	25.56	21.15	400.48	387.52	2.336	7.859	7.24	24.35	500.1	1799	0	88.32	-0.397	0.113	1.0	-0.22	2.74	1.00	0.00	0.16	111115
45	"14:07:10"	5527.5	0	9.17	0.164	277	4.66	2.59	25.60	6	1.42	1	2.84	23.22	25.60	21.20	399.61	386.45	2.465	8.012	7.62	24.76	500.1	1800	0	88.32	-0.523	0.124	1.0	-0.22	2.74	1.00	0.00	0.16	111115
46	"14:09:10"	5647.5	0	13.7	0.165	417	4.72	2.61	25.87	6	1.42	1	2.84	23.47	25.87	21.43	599.94	580.25	2.722	8.342	8.29	25.40	500.1	1800	0	88.32	-0.98	0.135	1.0	-0.22	2.74	1.00	0.00	0.16	111115
47	"14:10:49"	5746.5	0	17.1	0.165	568	4.7	2.6	25.88	6	1.42	1	2.84	23.50	25.88	21.47	799.23	774.30	2.918	8.506	8.87	25.85	500.1	1800	0	88.32	-1.95	0.136	1.0	-0.22	2.74	1.00	0.00	0.16	111115
48	"14:12:59"	5876.5	0	20.3	0.165	913	4.67	2.59	25.92	6	1.42	1	2.84	23.55	25.92	21.52	1200.29	1169.33	3.193	8.747	9.68	26.50	500.1	1800	0	88.32	-3.86	0.151	1.0	-0.22	2.74	1.00	0.00	0.16	111115
49	"14:14:58"	5996.0	0	22.1	0.162	1.27E+03	4.56	2.56	25.86	6	1.42	1	2.84	23.50	25.86	21.47	1600.52	1565.48	3.436	8.860	10.44	26.93	500.1	1800	0	88.31	-6.47	0.141	1.0	-0.22	2.74	1.00	0.00	0.16	111115
50	"14:16:35"	6093.0	0	22.8	0.16	1.64E+03	4.46	2.53	25.74	6	1.42	1	2.84	23.37	25.74	21.36	2000.36	1962.52	3.624	8.929	11.10	27.35	500.1	1801	0	88.32	-9.18	0.138	0.7	-0.22	2.74	1.00	0.00	0.16	111115
51	"14:18:34"	6211.5	0	8.7	0.16	279	4.38	2.5	25.64	6	1.42	1	2.84	23.25	25.64	21.24	398.65	386.18	3.870	9.081	11.94	28.02	500.1	1801	0	88.32	-0.427	0.145	1.0	-0.22	2.74	1.00	0.00	0.16	111115
"14:39:23 d14"
"14:39:27 Launched AutoProg /User/Configs/AutoProgs/A-CiCurve"
52	"14:40:34"	7532.0	0	31.4	0.819	271	13.7	1.85	25.72	6	1.42	1	2.84	25.64	25.72	24.34	401.87	358.27	0.422	16.603	1.13	44.39	500.1	1799	0	88.29	0.241	0.183	0.7	-0.22	2.74	1.00	0.00	0.16	111115
53	"14:41:54"	7611.5	0	23	0.823	205	13.9	1.86	25.83	6	1.42	1	2.84	25.26	25.83	23.31	300.75	268.64	0.392	16.731	1.07	45.74	500.1	1800	0	88.29	0.089	0.116	1.0	-0.22	2.74	1.00	0.00	0.16	111115
54	"14:43:12"	7690.0	0	14.1	0.833	140	13.9	1.86	25.83	6	1.42	1	2.84	25.16	25.83	23.17	198.68	178.81	0.369	16.801	1.01	46.21	500.1	1801	0	88.29	0.128	0.128	1.0	-0.22	2.74	1.00	0.00	0.16	111115
55	"14:44:33"	7770.5	0	4.63	0.834	79.5	13.9	1.85	25.78	6	1.42	1	2.84	25.06	25.78	23.07	100.64	93.53	0.352	16.751	0.97	46.34	500.1	1800	0	88.29	0.109	0.126	1.0	-0.22	2.74	1.00	0.00	0.16	111115
56	"14:46:04"	7861.5	0	-0.281	0.832	48.1	13.7	1.84	25.60	6	1.42	1	2.84	24.88	25.60	22.90	49.52	49.05	0.331	16.543	0.92	46.26	500.1	1801	0	88.3	-0.0954	0.13	1.0	-0.22	2.74	1.00	0.00	0.16	111115
57	"14:48:15"	7992.5	0	29.9	0.825	276	13.4	1.8	25.24	6	1.42	1	2.84	24.52	25.24	22.55	400.67	359.09	0.307	16.122	0.88	46.07	500.1	1800	0	88.29	-0.063	0.125	1.0	-0.22	2.74	1.00	0.00	0.16	111115
58	"14:49:17"	8054.5	0	30	0.826	276	13.3	1.79	25.16	6	1.42	1	2.84	24.43	25.16	22.47	400.68	358.92	0.301	16.054	0.86	46.12	500.1	1799	0	88.29	0.00811	0.127	1.0	-0.22	2.74	1.00	0.00	0.16	111115
59	"14:51:29"	8187.0	0	39.3	0.824	433	13.2	1.78	24.99	6	1.42	1	2.84	24.26	24.99	22.30	599.54	543.79	0.287	15.866	0.83	46.04	500.1	1800	0	88.29	-0.441	0.126	1.0	-0.22	2.74	1.00	0.00	0.16	111115
60	"14:53:14"	8291.5	0	42.1	0.821	613	12.9	1.74	24.63	6	1.42	1	2.84	24.03	24.63	22.19	798.36	736.46	0.270	15.499	0.80	45.60	500.1	1800	0	88.29	-1.31	0.116	1.0	-0.22	2.74	1.00	0.00	0.16	111115
61	"14:54:56"	8393.5	0	42.8	0.783	986	13	1.83	25.15	6	1.42	1	2.84	24.49	25.15	22.79	1197.69	1128.67	0.276	15.671	0.79	44.86	500.1	1800	0	88.28	-2.81	0.145	0.7	-0.22	2.74	1.00	0.00	0.16	111115
62	"14:57:03"	8520.5	0	45.2	0.782	1.36E+03	13.3	1.87	25.51	6	1.42	1	2.84	24.56	25.51	22.59	1600.51	1521.92	0.281	15.995	0.80	45.60	500.1	1800	0	88.29	-5.16	0.148	0.7	-0.22	2.74	1.00	0.00	0.16	111115
63	"14:58:41"	8618.5	0	46.3	0.776	1.73E+03	13.4	1.89	25.67	6	1.42	1	2.84	24.68	25.67	22.69	1999.73	1913.45	0.291	16.095	0.82	45.54	500.1	1800	0	88.29	-7.59	0.166	0.7	-0.22	2.74	1.00	0.00	0.16	111115
64	"15:00:53"	8751.0	0	28.6	0.769	275	13.4	1.91	25.79	6	1.42	1	2.84	24.80	25.79	22.80	398.82	358.75	0.294	16.144	0.82	45.35	500.1	1801	0	88.28	0.338	0.19	0.7	-0.22	2.74	1.00	0.00	0.16	111115
"15:07:01 e14"
"15:07:09 Launched AutoProg /User/Configs/AutoProgs/A-CiCurve"
65	"15:08:12"	9189.5	0	7.63	0.349	335	8.9	2.46	26.23	6	1.42	1	2.84	25.00	26.23	23.09	403.26	389.95	0.297	10.854	0.82	30.14	500.1	1800	0	88.27	-0.012	0.16	1.0	-0.22	2.74	1.00	0.00	0.16	111115
66	"15:09:59"	9296.5	0	5.32	0.362	252	9.16	2.45	26.33	6	1.42	1	2.84	25.00	26.33	23.04	299.51	289.94	0.311	11.175	0.86	31.02	500.1	1799	0	88.27	0.316	0.173	1.0	-0.22	2.74	1.00	0.00	0.16	111115
67	"15:11:26"	9383.5	0	3.31	0.367	170	9.17	2.43	26.21	6	1.42	1	2.84	24.88	26.21	22.91	199.81	193.71	0.307	11.185	0.86	31.27	500.1	1801	0	88.27	0.188	0.174	1.0	-0.22	2.74	1.00	0.00	0.16	111115
68	"15:12:51"	9468.5	0	0.603	0.365	92.1	8.98	2.39	25.91	6	1.42	1	2.84	24.58	25.91	22.62	101.03	99.24	0.298	10.957	0.85	31.18	500.1	1801	0	88.27	0.2	0.174	1.0	-0.22	2.74	1.00	0.00	0.16	111115
69	"15:14:12"	9550.0	0	-0.547	0.363	51.7	8.79	2.35	25.62	6	1.42	1	2.84	24.28	25.62	22.34	51.14	51.26	0.294	10.731	0.85	31.09	500.1	1799	0	88.27	0.0771	0.169	1.0	-0.22	2.74	1.00	0.00	0.16	111115
70	"15:16:23"	9680.5	0	7.6	0.36	335	8.52	2.3	25.18	6	1.42	1	2.84	23.84	25.18	21.91	400.44	387.36	0.279	10.395	0.83	30.93	500.1	1800	0	88.27	-0.0936	0.149	1.0	-0.22	2.74	1.00	0.00	0.16	111115
71	"15:17:24"	9741.5	0	7.77	0.36	333	8.41	2.27	24.98	6	1.42	1	2.84	23.64	24.98	21.72	399.73	386.51	0.274	10.261	0.82	30.90	500.1	1801	0	88.26	-0.168	0.15	1.0	-0.22	2.74	1.00	0.00	0.16	111115
72	"15:19:23"	9860.5	0	11.2	0.354	503	8.21	2.25	24.75	6	1.42	1	2.84	23.63	24.75	21.99	600.19	581.08	0.261	10.013	0.79	30.17	500.1	1801	0	88.26	-0.661	0.131	1.0	-0.22	2.74	1.00	0.00	0.16	111115
73	"15:21:05"	9963.0	0	13	0.341	676	8.12	2.3	24.98	6	1.42	1	2.84	23.95	24.98	22.59	797.23	774.07	0.255	9.904	0.75	29.27	500.1	1801	0	88.26	-1.16	0.14	0.7	-0.22	2.74	1.00	0.00	0.16	111115
74	"15:23:17"	10095.0	0	15.7	0.334	1.04E+03	8.05	2.33	25.07	6	1.42	1	2.84	24.00	25.07	22.59	1200.83	1170.71	0.245	9.813	0.72	28.91	500.1	1801	0	88.26	-3.52	0.131	1.0	-0.22	2.74	1.00	0.00	0.16	111115
75	"15:25:26"	10223.5	0	17.6	0.328	1.41E+03	7.97	2.34	25.09	6	1.42	1	2.84	24.02	25.09	22.58	1600.87	1564.76	0.240	9.706	0.71	28.56	500.1	1799	0	88.26	-5.79	0.129	1.0	-0.22	2.74	1.00	0.00	0.16	111115
76	"15:27:01"	10318.5	0	18.9	0.32	1.78E+03	7.86	2.36	25.11	6	1.42	1	2.84	24.02	25.11	22.59	2000.56	1959.39	0.236	9.578	0.69	28.19	500.1	1799	0	88.25	-8.39	0.113	0.7	-0.22	2.74	1.00	0.00	0.16	111115
77	"15:28:59"	10436.5	0	7.14	0.313	331	7.74	2.37	25.11	6	1.42	1	2.84	24.01	25.11	22.59	398.92	386.76	0.228	9.431	0.67	27.77	500.1	1800	0	88.25	-0.122	0.128	1.0	-0.22	2.74	1.00	0.00	0.16	111115
"15:34:01 e18"
"15:34:05 Launched AutoProg /User/Configs/AutoProgs/A-CiCurve"
78	"15:35:27"	10824.5	0	5.2	0.275	340	7.11	2.45	25.18	6	1.42	1	2.84	24.66	25.18	23.55	399.18	389.62	0.226	8.679	0.64	24.58	500.2	1801	0	88.25	0.0428	0.0647	1.0	-0.22	2.74	1.00	0.00	0.16	111115
79	"15:36:53"	10910.5	0	3.86	0.27	256	7.02	2.46	25.19	6	1.42	1	2.84	24.37	25.19	22.98	300.12	293.03	0.224	8.571	0.64	24.69	500.2	1801	0	88.25	0.00439	0.0759	1.0	-0.22	2.74	1.00	0.00	0.16	111115
80	"15:38:14"	10991.5	0	2.12	0.265	172	6.89	2.46	25.10	6	1.42	1	2.84	24.21	25.10	22.78	198.67	194.52	0.222	8.423	0.65	24.50	500.1	1801	0	88.25	0.155	0.0669	1.0	-0.22	2.74	1.00	0.00	0.16	111115
81	"15:39:39"	11077.0	0	0.514	0.26	91.9	6.78	2.46	25.04	6	1.42	1	2.84	24.17	25.04	22.79	101.01	99.58	0.223	8.291	0.65	24.19	500.1	1801	0	88.25	0.0822	0.0691	1.0	-0.22	2.74	1.00	0.00	0.16	111115
82	"15:40:57"	11155.0	0	-0.457	0.256	51.7	6.69	2.45	24.99	6	1.42	1	2.84	24.14	24.99	22.79	50.85	50.98	0.225	8.185	0.66	23.91	500.2	1800	0	88.25	0.00186	0.0709	1.0	-0.22	2.74	1.00	0.00	0.16	111115
83	"15:43:07"	11285.0	0	5.29	0.25	338	6.55	2.46	24.96	6	1.42	1	2.84	24.13	24.96	22.79	400.41	390.99	0.239	8.037	0.70	23.50	500.1	1800	0	88.25	-0.265	0.0534	1.0	-0.22	2.74	1.00	0.00	0.16	111115
84	"15:44:13"	11351.0	0	5.31	0.247	337	6.5	2.47	24.98	6	1.42	1	2.84	24.12	24.98	22.79	399.63	390.21	0.254	7.994	0.74	23.38	500.2	1800	0	88.25	-0.298	0.0586	1.0	-0.22	2.74	1.00	0.00	0.16	111115
85	"15:46:18"	11475.5	0	7.92	0.241	505	6.44	2.5	25.13	6	1.42	1	2.84	24.20	25.13	22.80	600.78	586.74	0.316	7.982	0.92	23.24	500.2	1800	0	88.24	-0.893	0.0573	1.0	-0.22	2.74	1.00	0.00	0.16	111115
86	"15:47:55"	11573.0	0	10.1	0.243	676	6.58	2.53	25.41	6	1.42	1	2.84	24.06	25.41	22.11	799.39	781.13	0.409	8.233	1.20	24.16	500.2	1802	0	88.25	-1.9	0.0679	1.0	-0.22	2.74	1.00	0.00	0.16	111115
87	"15:50:06"	11703.5	0	12	0.241	1.04E+03	6.42	2.5	25.21	6	1.42	1	2.84	23.77	25.21	21.74	1199.77	1176.31	0.567	8.207	1.69	24.52	500.2	1800	0	88.24	-3.7	0.0896	1.0	-0.22	2.74	1.00	0.00	0.16	111115
88	"15:52:17"	11834.5	0	14.1	0.232	1.4E+03	6.36	2.55	25.59	6	1.42	1	2.84	23.85	25.59	21.85	1599.60	1570.66	0.801	8.367	2.38	24.88	500.1	1801	0	88.24	-6.03	0.123	0.7	-0.22	2.74	1.00	0.00	0.16	111115
89	"15:53:51"	11929.0	0	15.1	0.232	1.77E+03	6.33	2.54	25.59	6	1.42	1	2.84	23.90	25.59	21.87	1999.36	1966.37	1.000	8.524	2.96	25.27	500.1	1800	0	88.24	-8.52	0.138	0.7	-0.22	2.74	1.00	0.00	0.16	111115
90	"15:55:51"	12049.0	0	4.96	0.229	337	6.12	2.49	25.34	6	1.42	1	2.84	23.64	25.34	21.63	399.00	390.19	1.287	8.561	3.87	25.77	500.1	1801	0	88.24	-0.318	0.139	1.0	-0.22	2.74	1.00	0.00	0.16	111115
"15:58:41 f19"
"15:58:44 Launched AutoProg /User/Configs/AutoProgs/A-CiCurve"
91	"15:59:51"	12289.0	0	8.13	0.473	340	9.88	2.09	25.60	6	1.42	1	2.84	24.55	25.60	23.05	399.87	385.56	1.917	13.604	5.46	38.78	500.1	1801	0	88.24	-0.438	0.184	0.7	-0.22	2.74	1.00	0.00	0.16	111115
92	"16:01:13"	12371.0	0	5.88	0.463	256	9.56	2.07	25.38	6	1.42	1	2.84	23.99	25.38	22.11	300.26	289.88	2.123	13.441	6.26	39.64	500.1	1801	0	88.24	-0.277	0.199	1.0	-0.22	2.74	1.00	0.00	0.16	111115
93	"16:02:33"	12451.0	0	3.4	0.459	172	9.33	2.03	25.17	6	1.42	1	2.84	23.77	25.17	22.00	198.93	192.69	2.319	13.361	6.93	39.92	500.1	1801	0	88.24	-0.0857	0.193	1.0	-0.22	2.74	1.00	0.00	0.16	111115
94	"16:03:55"	12532.5	0	0.887	0.451	92.2	9.12	2.02	25.06	6	1.42	1	2.84	23.47	25.06	21.58	101.41	99.26	2.523	13.321	7.67	40.51	500.1	1800	0	88.24	-0.157	0.208	1.0	-0.22	2.74	1.00	0.00	0.16	111115
95	"16:05:22"	12620.0	0	-0.483	0.449	50.2	8.91	1.98	24.85	6	1.42	1	2.84	23.53	24.85	21.80	50.02	50.06	2.715	13.267	8.23	40.20	500.1	1801	0	88.24	-0.186	0.103	1.0	-0.22	2.74	1.00	0.00	0.16	111115
96	"16:07:33"	12751.0	0	7.84	0.429	341	8.63	1.99	24.90	6	1.42	1	2.84	23.64	24.90	22.01	400.38	386.96	3.006	13.217	9.05	39.79	500.1	1801	0	88.24	-0.566	0.104	1.0	-0.22	2.74	1.00	0.00	0.16	111115
97	"16:08:34"	12812.0	0	7.93	0.42	340	8.54	2.01	25.00	6	1.42	1	2.84	23.69	25.00	22.01	400.56	387.08	3.156	13.263	9.48	39.82	500.1	1799	0	88.24	-0.533	0.101	1.0	-0.22	2.74	1.00	0.00	0.16	111115
98	"16:10:40"	12938.0	0	11.5	0.406	510	8.41	2.04	25.25	6	1.42	1	2.84	23.64	25.25	21.67	601.13	581.40	3.512	13.469	10.57	40.54	500.2	1800	0	88.24	-1.27	0.109	1.0	-0.22	2.74	1.00	0.00	0.16	111115
99	"16:12:21"	13038.5	0	14	0.393	683	8.29	2.06	25.46	6	1.42	1	2.84	23.78	25.46	21.79	798.49	774.01	3.839	13.649	11.46	40.76	500.2	1800	0	88.24	-1.86	0.12	1.0	-0.22	2.74	1.00	0.00	0.16	111115
100	"16:14:32"	13170.0	0	16.1	0.375	1.05E+03	7.87	2.04	25.30	6	1.42	1	2.84	23.61	25.30	21.62	1200.15	1169.81	4.225	13.533	12.74	40.82	500.1	1801	0	88.24	-4.04	0.128	1.0	-0.22	2.74	1.00	0.00	0.16	111115
101	"16:16:33"	13291.0	0	17.8	0.36	1.42E+03	7.45	2.01	25.03	6	1.42	1	2.84	23.31	25.03	21.34	1600.86	1565.56	4.542	13.365	13.95	41.04	500.1	1800	0	88.24	-6.82	0.123	1.0	-0.22	2.74	1.00	0.00	0.16	111115
102	"16:18:08"	13386.0	0	19	0.353	1.8E+03	7.15	1.96	24.72	6	1.42	1	2.84	23.09	24.72	21.22	1998.42	1958.78	4.755	13.220	14.80	41.15	500.1	1801	0	88.24	-9.54	0.123	0.7	-0.22	2.74	1.00	0.00	0.16	111115
103	"16:19:56"	13493.5	0	7.13	0.344	337	7.02	1.97	24.80	6	1.42	1	2.84	23.49	24.80	22.01	398.67	386.87	4.973	13.278	15.11	40.35	500.1	1801	0	88.24	-0.432	0.118	1.0	-0.22	2.74	1.00	0.00	0.16	111115
104	"16:37:02"	14520.0	0	1.21	0.0168	48	0.625	3.23	25.72	6	1.42	1	2.84	22.38	25.72	20.36	171.33	169.76	0.218	0.967	0.71	3.14	500.2	1801	0	88.24	-0.432	0.118	0.7	-0.22	2.74	1.00	0.00	0.16	111125
"16:41:09 h9"
"16:41:13 Launched AutoProg /User/Configs/AutoProgs/A-CiCurve"
105	"16:42:33"	14851.0	0	18.4	0.44	284	9.66	2.19	25.09	6	1.42	1	2.84	25.85	25.09	26.32	398.65	372.31	0.001	11.455	0.00	30.23	500.1	1799	0	88.24	0.287	0.0789	0.7	-0.22	2.74	1.00	0.00	0.16	111115
106	"16:43:50"	14927.5	0	14.2	0.442	211	9.84	2.22	25.34	6	1.42	1	2.84	25.06	25.34	24.13	300.18	279.79	-0.014	11.652	-0.04	32.23	500.2	1799	0	88.24	-0.066	0.0843	1.0	-0.22	2.74	1.00	0.00	0.16	111115
107	"16:45:15"	15012.5	0	8.93	0.459	146	9.9	2.16	25.07	6	1.42	1	2.84	24.92	25.07	23.95	201.04	188.10	-0.022	11.716	-0.06	32.67	500.2	1800	0	88.24	0.0914	-0.0151	1.0	-0.22	2.74	1.00	0.00	0.16	111115
108	"16:46:39"	15097.0	0	2.87	0.46	81.4	9.92	2.16	25.07	6	1.42	1	2.84	24.90	25.07	23.96	100.81	96.23	-0.031	11.731	-0.09	32.75	500.2	1801	0	88.24	0.0487	-0.0157	1.0	-0.22	2.74	1.00	0.00	0.16	111115
109	"16:48:01"	15178.5	0	-0.203	0.461	48.5	9.93	2.15	25.05	6	1.42	1	2.84	24.88	25.05	23.96	49.95	49.60	-0.036	11.732	-0.10	32.79	500.2	1801	0	88.24	-0.0685	-0.014	1.0	-0.22	2.74	1.00	0.00	0.16	111115
110	"16:49:53"	15290.5	0	19.3	0.46	283	9.87	2.15	24.97	6	1.42	1	2.84	24.85	24.97	23.96	399.30	371.78	-0.045	11.655	-0.13	32.62	500.2	1801	0	88.24	-0.257	-0.0211	1.0	-0.22	2.74	1.00	0.00	0.16	111115
111	"16:50:55"	15352.5	0	19.3	0.461	283	9.85	2.14	24.94	6	1.42	1	2.84	24.85	24.94	23.96	400.24	372.64	-0.047	11.636	-0.13	32.59	500.2	1800	0	88.24	-0.255	-0.0219	1.0	-0.22	2.74	1.00	0.00	0.16	111115
112	"16:53:07"	15484.5	0	26	0.459	439	9.82	2.14	24.93	6	1.42	1	2.84	24.85	24.93	23.96	599.79	561.96	-0.057	11.590	-0.16	32.46	500.2	1800	0	88.24	-0.871	-0.0293	1.0	-0.22	2.74	1.00	0.00	0.16	111115
113	"16:55:06"	15604.0	0	29.3	0.456	612	9.78	2.14	24.91	6	1.42	1	2.84	24.84	24.91	23.96	799.38	755.41	-0.057	11.543	-0.16	32.33	500.2	1800	0	88.24	-1.74	-0.037	0.7	-0.22	2.74	1.00	0.00	0.16	111115
114	"16:57:17"	15734.5	0	30.2	0.453	988	9.74	2.15	24.91	6	1.42	1	2.84	24.84	24.91	23.96	1200.62	1150.92	-0.060	11.491	-0.17	32.19	500.2	1800	0	88.23	-3.82	-0.035	1.0	-0.22	2.74	1.00	0.00	0.16	111115
115	"16:59:13"	15850.5	0	30.5	0.448	1.37E+03	9.67	2.15	24.88	6	1.42	1	2.84	24.82	24.88	23.96	1601.37	1546.80	-0.066	11.395	-0.18	31.96	500.2	1801	0	88.23	-6.43	-0.04	0.7	-0.22	2.74	1.00	0.00	0.16	111115
116	"17:01:20"	15977.5	0	30.8	0.44	1.74E+03	9.55	2.16	24.86	6	1.42	1	2.84	24.80	24.86	23.96	1999.67	1940.53	-0.067	11.265	-0.19	31.63	500.2	1801	0	88.23	-9.38	-0.0433	1.0	-0.22	2.74	1.00	0.00	0.16	111115
117	"17:03:31"	16108.5	0	18.1	0.43	284	9.47	2.18	24.95	6	1.42	1	2.84	24.93	24.95	24.16	398.96	372.97	-0.067	11.161	-0.19	31.10	500.2	1800	0	88.24	-0.327	-0.0345	0.7	-0.22	2.74	1.00	0.00	0.16	111115
