"OPEN 6.1.4"
"Tue Sep  9 2014 15:27:30"
<open><version>"6.1.4"</version></open>
<open><configfile>"/User/Configs/UserPrefs/LED2x3.xml"</configfile></open>
<open><light><source>"6400-02 or -02B LED Source"</source><par_in>1 <sensor>"SI-1986"<cal>-0.78<actinity>1.00</actinity><transm>1.00</transm></cal></sensor><transm>1 </transm></par_in><par_out>1 <sensor>"Q23238"<cal>5.14 </cal></sensor></par_out></light></open>
<open><comps><file>"/User/Configs/Comps/StdComps_6.1"<header>""</header><extras></extras></file><energybal>no<f_parIn>1 </f_parIn><f_parOut>0 </f_parOut><alphaK>0.16</alphaK></energybal><bc_total>2.840<stomatal_ratio>1</stomatal_ratio><bc_oneside>1.420<type>2 </type><table>"/Sys/Lib/StdBLCTable"</table><area>6</area><slope>-0.219565 </slope><offset>2.73739 </offset><fan>5 </fan></bc_oneside></bc_total></comps></open>
<open><prompts><onlog>off</onlog><items>"Default (none)"</items></prompts></open>
<open><constants><oxygen>21 %</oxygen><bb_vapor>1.5 </bb_vapor><bb_oxy>0.9 </bb_oxy></constants></open>
<open><stability><items>"Std Stability"<items[1]><id>-2 </id><size>15 </size><pcv><onoff>0 </onoff><value>1 </value></pcv><std><onoff>0 </onoff><value>1 </value></std><slp><onoff>1 </onoff><value>1 </value></slp></items[1]><items[2]><id>-5 </id><size>15 </size><pcv><onoff>0 </onoff><value>1 </value></pcv><std><onoff>0 </onoff><value>1 </value></std><slp><onoff>1 </onoff><value>1 </value></slp></items[2]><items[3]><id>-7 </id><size>15 </size><pcv><onoff>0 </onoff><value>1 </value></pcv><std><onoff>0 </onoff><value>1 </value></std><slp><onoff>1 </onoff><value>1 </value></slp></items[3]></items></stability></open>
<open><log><format>"StdLogFmt_6.0"<items>{ -35  -21  -36  -76  30  23  36  21  25  221  -33  111  -34  11  -9  -10  -8  -1  -2  -4  -5  -14  -15  -7  -12  -13  -11  -65  -66  -72  -18  -19  -77  -78  -79  -23   }<hdr>{  }</hdr></items></format><options><beep>on</beep><hdr>normal</hdr><rem>normal</rem><stab>no</stab><stats>no<period>15 </period></stats><excel>yes</excel><comm>no</comm></options><datafile>"/User/09-09-2014-ims-aci-flux"</datafile><button><action>"Normal Log"<code>" LogOneObsManual "</code></action></button><autoprog>"/User/Configs/AutoProgs/AutoLog"<active>no</active></autoprog></log></open>
<open><a2d><avgtime>4.0 secs</avgtime><userchans><ch20>"Off"</ch20><ch21>"Off"</ch21><ch22>"Off"</ch22><ch23>"Off"</ch23></userchans></a2d></open>
<open><matching><type>0 </type><disp>'a'</disp><settings><CO2Limit>10.0</CO2Limit><H2OLimit>1.0</H2OLimit><MaxAutoTime>60 </MaxAutoTime></settings></matching></open>
<li6400><factory><unit>"PSC-365"</unit><serviced>"19 Mar 2013"</serviced><fuseaware>0 </fuseaware><co2mixer>yes</co2mixer><co2><coeffs>{ 0  0.219624  2.66322e-05  2.0786e-08  -3.58883e-12  3.52722e-16   }</coeffs><dvdt>-2.3 </dvdt><xs>{ 0.0002  -0.0003   }</xs></co2><h2o><coeffs>{ 0  0.00584832  2.1237e-06  1.26404e-11   }</coeffs><dvdt>-2 </dvdt><xs>{ 0.0018  -0.0034   }</xs></h2o><flow>{ 0  0.3727   }</flow><press>{ 89.33  0.0055   }</press></factory></li6400>
<li6400><user><flow_zero>-276.3</flow_zero><irga_zero><co2>74.8 74.8<at>29.2731 </at></co2><h2o>-3.2 -3.2<at>28.8895 </at></h2o></irga_zero><irga_span><co2>{ 0.990515  0.991716   }</co2><h2o>{ 0.998574  0.997031   }</h2o></irga_span><irga_match><co2>{ -0.225198  8.81851   }</co2><h2o>{ -0.0521387  0.144634   }</h2o></irga_match><co2_mixer><pump_mv>4500 </pump_mv><ppm>{ 2556.9  1148.83  434.806  259.2  114.41  64.5941  53.9709  54.0442   }</ppm><mv>{ 5000  3000  1500  1000  500  300  200  100   }</mv></co2_mixer><parin_offset>0 </parin_offset><led_cal><unit>"SI-1986"</unit><mv>{ 10  25  50  100  1000  2000  3000  4000  5000   }</mv><qntm>{ 1.56823  11.7804  29.5042  64.6912  743.757  1453.5  2123.01  2762.65  3361.81   }</qntm></led_cal><lcf_cal><unit>"unknown"</unit><red><mv>{ 50  100  500  1000  1500  5000   }</mv><qntm>{ 50  100  500  1000  2000  5000   }</qntm></red><blue><mv>{ 100  200  500  1000  2000  5000   }</mv><qntm>{ 10  20  50  100  200  500   }</qntm></blue></lcf_cal></user></li6400>
"15:27:32 "
$STARTOFDATA$
"Obs"	"HHMMSS"	"FTime"	"EBal?"	"Photo"	"Cond"	"Ci"	"Trmmol"	"VpdL"	"CTleaf"	"Area"	"BLC_1"	"StmRat"	"BLCond"	"Tair"	"Tleaf"	"TBlk"	"CO2R"	"CO2S"	"H2OR"	"H2OS"	"RH_R"	"RH_S"	"Flow"	"PARi"	"PARo"	"Press"	"CsMch"	"HsMch"	"StableF"	"BLCslope"	"BLCoffst"	"f_parin"	"f_parout"	"alphaK"	"Status"
"15:27:50 couldnt do co2 cal"
"15:30:29 a3"
"15:30:34 Launched AutoProg /User/Configs/AutoProgs/A-CiCurve"
1	"15:32:40"	324.5	0	13.7	0.398	304	8.9	2.2	25.02	6	1.42	1	2.84	25.24	25.02	24.61	399.54	379.01	0.586	11.158	1.60	30.57	499.6	1799	494	88.35	8.58	-0.059	1.0	-0.22	2.74	1.00	0.00	0.16	111115
2	"15:33:59"	403.5	0	10.1	0.382	227	8.77	2.25	25.26	6	1.42	1	2.84	24.79	25.26	23.59	299.66	284.59	0.719	11.131	2.02	31.33	499.5	1798	492	88.35	7.97	-0.0441	1.0	-0.22	2.74	1.00	0.00	0.16	111115
3	"15:35:28"	492.5	0	5.99	0.371	156	8.6	2.26	25.34	6	1.42	1	2.84	24.47	25.34	23.07	200.68	191.51	0.913	11.130	2.62	31.92	499.6	1800	491	88.35	7.27	-0.0412	0.7	-0.22	2.74	1.00	0.00	0.16	111115
4	"15:36:54"	579.0	0	2.1	0.363	83.3	8.41	2.25	25.31	6	1.42	1	2.84	24.26	25.31	22.86	100.79	97.29	1.152	11.137	3.35	32.34	499.6	1800	467	88.35	6.48	-0.0341	0.7	-0.22	2.74	1.00	0.00	0.16	111115
5	"15:38:15"	659.5	0	0.816	0.354	60.9	8.22	2.25	25.31	6	1.42	1	2.84	24.14	25.31	22.74	69.23	67.59	1.435	11.198	4.20	32.75	499.5	1799	503	88.35	5.99	-0.0344	0.7	-0.22	2.74	1.00	0.00	0.16	111115
6	"15:39:56"	761.0	0	13.4	0.346	296	8.18	2.28	25.66	6	1.42	1	2.84	24.42	25.66	23.03	399.00	379.12	1.881	11.591	5.41	33.34	499.6	1799	585	88.34	8.54	-0.0357	0.7	-0.22	2.74	1.00	0.00	0.16	111115
7	"15:41:02"	827.0	0	13.4	0.339	297	8.17	2.33	26.01	6	1.42	1	2.84	24.76	26.01	23.40	400.89	381.08	2.199	11.897	6.20	33.53	499.5	1800	577	88.34	8.67	-0.0443	0.7	-0.22	2.74	1.00	0.00	0.16	111115
8	"15:42:38"	923.0	0	18.2	0.324	452	7.93	2.35	26.21	6	1.42	1	2.84	24.94	26.21	23.57	600.33	572.98	2.662	12.073	7.42	33.67	499.5	1800	510	88.34	9.84	-0.037	1.0	-0.22	2.74	1.00	0.00	0.16	111115
9	"15:44:17"	1021.5	0	20.2	0.313	626	7.69	2.35	26.29	6	1.42	1	2.84	24.99	26.29	23.65	800.14	768.79	3.171	12.300	8.82	34.20	499.5	1800	499	88.34	10.8	-0.0326	1.0	-0.22	2.74	1.00	0.00	0.16	111115
10	"15:46:28"	1153.0	0	21.2	0.301	996	7.37	2.33	26.36	6	1.42	1	2.84	25.00	26.36	23.67	1201.09	1165.31	3.898	12.639	10.83	35.12	499.6	1800	503	88.34	12.1	-0.0376	0.7	-0.22	2.74	1.00	0.00	0.16	111115
11	"15:48:39"	1284.0	0	22	0.292	1.37E+03	7.09	2.3	26.41	6	1.42	1	2.84	25.00	26.41	23.68	1600.82	1561.09	4.669	13.073	12.97	36.32	499.5	1801	709	88.34	12.8	-0.0356	1.0	-0.22	2.74	1.00	0.00	0.16	111115
12	"15:50:02"	1367.0	0	22.6	0.287	1.74E+03	6.94	2.29	26.50	6	1.42	1	2.84	25.05	26.50	23.74	1998.63	1955.15	5.192	13.418	14.38	37.16	499.5	1799	467	88.33	13.3	-0.038	1.0	-0.22	2.74	1.00	0.00	0.16	111115
13	"15:51:55"	1480.0	0	12.5	0.282	291	6.74	2.26	26.54	6	1.42	1	2.84	25.04	26.54	23.74	399.68	381.55	5.917	13.899	16.40	38.51	499.5	1800	453	88.33	8.77	-0.0338	0.7	-0.22	2.74	1.00	0.00	0.16	111115
"15:54:54 c3"
"15:54:58 Launched AutoProg /User/Configs/AutoProgs/A-CiCurve"
14	"15:56:05"	1730.0	0	26.2	0.784	288	10.8	1.51	25.54	6	1.42	1	2.84	25.25	25.54	23.96	399.06	362.91	7.373	20.089	20.18	54.98	499.6	1799	598	88.33	8.69	-0.166	0.7	-0.22	2.74	1.00	0.00	0.16	111115
15	"15:57:33"	1818.0	0	19.7	0.786	217	10.6	1.47	25.45	6	1.42	1	2.84	24.94	25.45	23.59	299.78	272.64	7.891	20.321	22.00	56.66	499.5	1799	585	88.32	8.03	-0.164	0.7	-0.22	2.74	1.00	0.00	0.16	111115
16	"15:58:47"	1891.5	0	12.5	0.788	146	10.4	1.45	25.39	6	1.42	1	2.84	24.77	25.39	23.42	199.27	181.98	8.232	20.475	23.18	57.67	499.6	1799	575	88.32	7.22	-0.154	1.0	-0.22	2.74	1.00	0.00	0.16	111115
17	"16:00:19"	1984.0	0	4.55	0.791	80.4	10.2	1.42	25.32	6	1.42	1	2.84	24.59	25.32	23.26	100.66	94.05	8.623	20.644	24.54	58.75	499.5	1799	579	88.32	6.45	-0.148	1.0	-0.22	2.74	1.00	0.00	0.16	111115
18	"16:01:33"	2058.0	0	1.67	0.788	60.4	10.1	1.4	25.30	6	1.42	1	2.84	24.48	25.30	23.14	69.04	66.23	8.950	20.795	25.64	59.57	499.6	1800	964	88.31	6.11	-0.149	0.7	-0.22	2.74	1.00	0.00	0.16	111115
19	"16:03:31"	2176.0	0	25.4	0.793	293	10	1.38	25.40	6	1.42	1	2.84	24.57	25.40	23.21	399.30	364.46	9.463	21.213	26.97	60.47	499.5	1800	692	88.31	8.62	-0.156	0.7	-0.22	2.74	1.00	0.00	0.16	111115
20	"16:04:33"	2238.0	0	25.5	0.79	293	9.87	1.37	25.38	6	1.42	1	2.84	24.52	25.38	23.16	400.16	365.19	9.717	21.321	27.78	60.96	499.5	1800	853	88.31	8.64	-0.152	1.0	-0.22	2.74	1.00	0.00	0.16	111115
21	"16:06:07"	2331.5	0	34.1	0.785	454	9.63	1.34	25.28	6	1.42	1	2.84	24.38	25.28	23.03	599.46	552.10	10.076	21.393	29.04	61.66	499.6	1801	683	88.31	9.86	-0.153	0.7	-0.22	2.74	1.00	0.00	0.16	111115
22	"16:07:51"	2436.0	0	37.7	0.786	635	9.46	1.32	25.25	6	1.42	1	2.84	24.30	25.25	22.94	800.66	746.86	10.506	21.626	30.43	62.64	499.6	1801	766	88.31	10.7	-0.137	1.0	-0.22	2.74	1.00	0.00	0.16	111115
23	"16:09:51"	2556.0	0	39.5	0.779	1.01E+03	9.36	1.31	25.37	6	1.42	1	2.84	24.31	25.37	22.96	1200.59	1140.29	10.963	21.956	31.73	63.55	499.6	1800	766	88.31	11.8	-0.153	0.7	-0.22	2.74	1.00	0.00	0.16	111115
24	"16:11:46"	2671.0	0	39.7	0.775	1.4E+03	9.21	1.3	25.41	6	1.42	1	2.84	24.30	25.41	22.94	1599.27	1534.64	11.396	22.213	33.00	64.33	499.6	1800	757	88.31	12.6	-0.166	0.7	-0.22	2.74	1.00	0.00	0.16	111115
25	"16:13:09"	2754.0	0	41	0.763	1.78E+03	9.15	1.3	25.58	6	1.42	1	2.84	24.37	25.58	23.00	2000.34	1929.90	11.757	22.500	33.91	64.90	499.6	1799	1058	88.31	12.9	-0.17	1.0	-0.22	2.74	1.00	0.00	0.16	111115
26	"16:14:54"	2858.5	0	24.2	0.766	295	9.15	1.3	25.75	6	1.42	1	2.84	24.52	25.75	23.14	397.53	364.48	12.194	22.933	34.85	65.54	499.5	1800	990	88.3	8.55	-0.171	0.7	-0.22	2.74	1.00	0.00	0.16	111115
"16:18:39 e3"
"16:18:43 Launched AutoProg /User/Configs/AutoProgs/A-CiCurve"
27	"16:20:03"	3168.0	0	16	0.557	309	11.6	2.15	26.12	6	1.42	1	2.84	25.36	26.12	23.98	400.33	375.87	0.367	14.149	1.00	38.45	499.6	1800	1001	88.3	8.38	-0.103	0.7	-0.22	2.74	1.00	0.00	0.16	111115
28	"16:21:41"	3266.0	0	12.1	0.533	229	11.4	2.18	26.14	6	1.42	1	2.84	25.38	26.14	24.02	299.83	281.43	0.318	13.816	0.86	37.50	499.5	1801	887	88.3	7.89	-0.0999	1.0	-0.22	2.74	1.00	0.00	0.16	111115
29	"16:22:51"	3335.5	0	7.1	0.52	156	11.3	2.21	26.19	6	1.42	1	2.84	25.37	26.19	24.01	199.06	187.99	0.295	13.662	0.80	37.11	499.5	1800	914	88.3	7.06	-0.0975	0.7	-0.22	2.74	1.00	0.00	0.16	111115
30	"16:24:09"	3414.0	0	2.71	0.509	83.1	11.2	2.22	26.22	6	1.42	1	2.84	25.33	26.22	23.99	101.13	96.58	0.275	13.509	0.75	36.79	499.5	1800	860	88.3	6.31	-0.0985	0.7	-0.22	2.74	1.00	0.00	0.16	111115
31	"16:25:18"	3483.0	0	0.51	0.504	56.7	11.1	2.23	26.20	6	1.42	1	2.84	25.33	26.20	24.00	62.33	60.91	0.262	13.407	0.71	36.50	499.5	1800	768	88.29	5.9	-0.0963	1.0	-0.22	2.74	1.00	0.00	0.16	111115
32	"16:27:02"	3587.0	0	15.1	0.484	307	10.8	2.25	26.17	6	1.42	1	2.84	25.21	26.17	23.87	400.83	377.78	0.243	13.084	0.67	35.89	499.6	1801	765	88.3	8.41	-0.0929	0.7	-0.22	2.74	1.00	0.00	0.16	111115
33	"16:28:04"	3649.0	0	15.9	0.477	302	10.7	2.26	26.13	6	1.42	1	2.84	25.15	26.13	23.82	400.60	376.70	0.233	12.930	0.64	35.58	499.5	1801	747	88.3	8.49	-0.089	0.7	-0.22	2.74	1.00	0.00	0.16	111115
34	"16:30:01"	3765.5	0	20.9	0.46	465	10.5	2.28	26.11	6	1.42	1	2.84	25.11	26.11	23.78	601.51	569.23	0.219	12.647	0.60	34.90	499.5	1801	1198	88.3	9.41	-0.0847	0.7	-0.22	2.74	1.00	0.00	0.16	111115
35	"16:31:55"	3880.0	0	22.1	0.442	644	10.3	2.32	26.24	6	1.42	1	2.84	25.18	26.24	23.87	800.25	764.23	0.214	12.460	0.59	34.22	499.5	1799	820	88.29	10.5	-0.0838	0.7	-0.22	2.74	1.00	0.00	0.16	111115
36	"16:33:55"	4000.0	0	22.9	0.422	1.01E+03	10.2	2.39	26.53	6	1.42	1	2.84	25.42	26.53	24.09	1200.51	1158.73	0.215	12.338	0.58	33.42	499.5	1799	704	88.29	11.7	-0.0809	1.0	-0.22	2.74	1.00	0.00	0.16	111115
37	"16:35:53"	4117.5	0	23.5	0.402	1.38E+03	10.2	2.49	26.97	6	1.42	1	2.84	25.80	26.97	24.48	1598.55	1551.30	0.222	12.305	0.59	32.58	499.5	1800	1249	88.29	12.5	-0.0818	0.7	-0.22	2.74	1.00	0.00	0.16	111115
38	"16:37:55"	4239.5	0	24.4	0.38	1.74E+03	10.1	2.59	27.41	6	1.42	1	2.84	26.17	27.41	24.82	1999.89	1946.97	0.223	12.192	0.58	31.58	499.5	1801	1120	88.29	13.4	-0.076	1.0	-0.22	2.74	1.00	0.00	0.16	111115
39	"16:39:31"	4336.0	0	14.5	0.367	291	9.96	2.63	27.53	6	1.42	1	2.84	26.30	27.53	24.97	399.47	377.49	0.218	12.036	0.56	30.93	499.5	1800	1049	88.28	8.64	-0.0665	0.7	-0.22	2.74	1.00	0.00	0.16	111115
"16:44:08 b15"
"16:44:11 Launched AutoProg /User/Configs/AutoProgs/A-CiCurve"
40	"16:45:31"	4695.5	0	11.4	0.366	308	9.95	2.63	27.54	6	1.42	1	2.84	26.68	27.54	25.36	398.53	380.28	0.202	12.005	0.51	30.18	499.6	1800	1460	88.27	8.7	-0.0543	0.7	-0.22	2.74	1.00	0.00	0.16	111115
41	"16:46:45"	4769.5	0	8.75	0.358	231	9.72	2.62	27.38	6	1.42	1	2.84	26.60	27.38	25.29	300.37	286.51	0.202	11.736	0.51	29.62	499.5	1800	1601	88.27	7.96	-0.0473	0.7	-0.22	2.74	1.00	0.00	0.16	111115
42	"16:47:57"	4841.5	0	5.43	0.354	156	9.58	2.62	27.28	6	1.42	1	2.84	26.52	27.28	25.23	199.88	191.16	0.204	11.577	0.52	29.36	499.5	1800	1918	88.27	7.19	-0.0428	0.7	-0.22	2.74	1.00	0.00	0.16	111115
43	"16:49:16"	4920.5	0	1.44	0.35	85.8	9.5	2.62	27.26	6	1.42	1	2.84	26.49	27.26	25.20	100.34	97.50	0.206	11.491	0.52	29.20	499.5	1800	1354	88.27	6.38	-0.0435	0.7	-0.22	2.74	1.00	0.00	0.16	111115
44	"16:50:31"	4996.0	0	-0.0776	0.346	58.6	9.44	2.63	27.27	6	1.42	1	2.84	26.43	27.27	25.15	61.73	61.13	0.210	11.421	0.53	29.13	499.5	1800	1645	88.27	6.06	-0.0421	1.0	-0.22	2.74	1.00	0.00	0.16	111115
45	"16:52:13"	5097.5	0	10.2	0.342	314	9.47	2.66	27.46	6	1.42	1	2.84	26.59	27.46	25.27	399.72	383.12	0.227	11.474	0.57	28.98	499.6	1800	1383	88.26	8.54	-0.0382	0.7	-0.22	2.74	1.00	0.00	0.16	111115
46	"16:53:41"	5185.5	0	11.4	0.342	305	9.49	2.67	27.51	6	1.42	1	2.84	26.70	27.51	25.40	398.86	380.79	0.230	11.495	0.58	28.84	499.5	1800	1945	88.26	8.58	-0.0495	0.7	-0.22	2.74	1.00	0.00	0.16	111115
47	"16:55:21"	5285.5	0	16.9	0.336	459	9.39	2.68	27.51	6	1.42	1	2.84	26.70	27.51	25.38	599.18	572.45	0.237	11.383	0.59	28.58	499.5	1801	1323	88.26	9.66	-0.0419	0.7	-0.22	2.74	1.00	0.00	0.16	111115
48	"16:56:52"	5377.0	0	19.3	0.333	631	9.23	2.66	27.34	6	1.42	1	2.84	26.54	27.34	25.25	799.15	767.43	0.239	11.206	0.61	28.39	499.5	1801	1997	88.27	10.7	-0.0393	0.7	-0.22	2.74	1.00	0.00	0.16	111115
49	"16:58:52"	5496.5	0	21.8	0.33	994	9.11	2.65	27.23	6	1.42	1	2.84	26.36	27.23	25.07	1202.04	1163.11	0.248	11.067	0.63	28.33	499.5	1801	1216	88.26	11.8	-0.04	1.0	-0.22	2.74	1.00	0.00	0.16	111115
50	"17:00:55"	5619.5	0	22.8	0.328	1.36E+03	9.07	2.65	27.20	6	1.42	1	2.84	26.28	27.20	24.98	1599.85	1555.52	0.263	11.037	0.68	28.39	499.5	1799	1019	88.26	12.8	-0.0375	0.7	-0.22	2.74	1.00	0.00	0.16	111115
51	"17:02:41"	5725.5	0	24.1	0.327	1.73E+03	8.99	2.63	27.10	6	1.42	1	2.84	26.17	27.10	24.87	2000.59	1950.54	0.272	10.954	0.70	28.37	499.6	1801	761	88.26	13.3	-0.0391	0.7	-0.22	2.74	1.00	0.00	0.16	111115
52	"17:04:22"	5826.5	0	10.8	0.325	308	8.85	2.61	26.90	6	1.42	1	2.84	25.89	26.90	24.61	399.51	382.48	0.275	10.786	0.72	28.40	499.5	1799	2146	88.26	8.49	-0.0362	1.0	-0.22	2.74	1.00	0.00	0.16	111115
"17:15:10 b13"
"17:15:13 Launched AutoProg /User/Configs/AutoProgs/A-CiCurve"
53	"17:16:22"	6547.0	0	14.5	0.297	278	8.64	2.76	27.61	6	1.42	1	2.84	26.41	27.61	25.01	400.75	379.45	0.441	10.713	1.13	27.35	499.5	1800	682	88.25	8.68	-0.038	1.0	-0.22	2.74	1.00	0.00	0.16	111115
54	"17:17:41"	6626.0	0	9.94	0.285	210	8.41	2.79	27.61	6	1.42	1	2.84	26.30	27.61	24.93	298.39	283.59	0.469	10.462	1.21	26.88	499.6	1800	1535	88.24	7.96	-0.0261	0.7	-0.22	2.74	1.00	0.00	0.16	111115
55	"17:18:55"	6699.5	0	6.14	0.28	144	8.31	2.8	27.66	6	1.42	1	2.84	26.30	27.66	24.92	200.01	190.74	0.500	10.380	1.29	26.67	499.6	1799	1314	88.24	7.14	-0.0244	1.0	-0.22	2.74	1.00	0.00	0.16	111115
56	"17:20:19"	6783.5	0	2.1	0.273	79.1	8.25	2.84	27.83	6	1.42	1	2.84	26.39	27.83	25.00	100.55	97.07	0.542	10.349	1.39	26.45	499.5	1800	1180	88.24	6.37	-0.03	1.0	-0.22	2.74	1.00	0.00	0.16	111115
57	"17:21:41"	6865.5	0	-0.129	0.266	59.3	8.08	2.85	27.81	6	1.42	1	2.84	26.29	27.81	24.90	62.09	61.65	0.578	10.188	1.48	26.19	499.6	1800	479	88.24	6.07	-0.0215	0.7	-0.22	2.74	1.00	0.00	0.16	111115
58	"17:23:25"	6970.0	0	13.4	0.258	274	7.74	2.81	27.46	6	1.42	1	2.84	25.88	27.46	24.50	399.74	380.08	0.618	9.818	1.63	25.85	499.5	1800	445	88.24	8.61	-0.0134	1.0	-0.22	2.74	1.00	0.00	0.16	111115
59	"17:24:26"	7030.5	0	13.4	0.255	273	7.56	2.78	27.24	6	1.42	1	2.84	25.64	27.24	24.27	399.96	380.46	0.646	9.637	1.73	25.75	499.6	1801	493	88.24	8.54	-0.0159	0.7	-0.22	2.74	1.00	0.00	0.16	111115
60	"17:26:38"	7163.0	0	18.4	0.248	421	7.26	2.74	26.92	6	1.42	1	2.84	25.24	26.92	23.89	600.15	573.07	0.727	9.366	1.99	25.62	499.5	1801	409	88.24	9.61	-0.0117	0.7	-0.22	2.74	1.00	0.00	0.16	111115
61	"17:28:13"	7257.5	0	20.9	0.244	587	7.08	2.71	26.76	6	1.42	1	2.84	25.03	26.76	23.68	800.30	768.63	0.808	9.236	2.24	25.59	499.6	1800	379	88.23	10.4	-0.0074	1.0	-0.22	2.74	1.00	0.00	0.16	111115
62	"17:30:20"	7385.0	0	21.6	0.238	958	6.83	2.68	26.51	6	1.42	1	2.84	24.69	26.51	23.34	1201.21	1165.74	0.945	9.077	2.67	25.66	499.5	1801	372	88.23	11.4	-0.00468	0.7	-0.22	2.74	1.00	0.00	0.16	111115
63	"17:32:20"	7505.0	0	21.8	0.235	1.33E+03	6.62	2.63	26.25	6	1.42	1	2.84	24.42	26.25	23.06	1601.09	1562.51	1.132	9.007	3.25	25.87	499.5	1800	428	88.23	12.1	-0.00303	0.7	-0.22	2.74	1.00	0.00	0.16	111115
64	"17:34:07"	7612.0	0	22.7	0.23	1.7E+03	6.45	2.61	26.17	6	1.42	1	2.84	24.25	26.17	22.89	2002.30	1959.85	1.356	9.037	3.93	26.23	499.5	1800	406	88.23	12.4	-0.00208	0.7	-0.22	2.74	1.00	0.00	0.16	111115
65	"17:35:47"	7712.0	0	12.3	0.228	275	6.35	2.59	26.13	6	1.42	1	2.84	24.15	26.13	22.79	400.41	382.68	1.623	9.176	4.74	26.78	499.5	1799	427	88.23	8.27	0.00518	0.7	-0.22	2.74	1.00	0.00	0.16	111115
"17:37:42 e10"
"17:37:45 Launched AutoProg /User/Configs/AutoProgs/A-CiCurve"
66	"17:38:49"	7894.0	0	15.8	0.453	300	9.33	2.05	25.29	6	1.42	1	2.84	24.87	25.29	23.54	399.14	375.98	2.349	13.402	6.57	37.48	499.6	1799	470	88.23	8.01	-0.0956	1.0	-0.22	2.74	1.00	0.00	0.16	111115
67	"17:40:16"	7980.5	0	11.8	0.45	224	9.19	2.03	25.31	6	1.42	1	2.84	24.51	25.31	23.12	298.53	281.23	2.772	13.659	7.92	39.03	499.6	1799	456	88.23	7.57	-0.0831	0.7	-0.22	2.74	1.00	0.00	0.16	111115
68	"17:41:41"	8066.0	0	7.6	0.448	151	9.02	2.01	25.30	6	1.42	1	2.84	24.30	25.30	22.84	198.89	187.73	3.258	13.944	9.43	40.35	499.5	1799	436	88.23	6.79	-0.0865	1.0	-0.22	2.74	1.00	0.00	0.16	111115
69	"17:43:05"	8150.0	0	2.3	0.446	83.7	8.86	1.98	25.31	6	1.42	1	2.84	24.22	25.31	22.83	100.10	96.31	3.801	14.292	11.05	41.55	499.6	1799	383	88.22	5.98	-0.0879	0.7	-0.22	2.74	1.00	0.00	0.16	111115
70	"17:44:16"	8221.0	0	0.785	0.444	57	8.69	1.94	25.26	6	1.42	1	2.84	24.11	25.26	22.73	63.89	62.30	4.284	14.566	12.53	42.62	499.5	1800	353	88.23	5.63	-0.0866	1.0	-0.22	2.74	1.00	0.00	0.16	111115
71	"17:46:22"	8347.0	0	15.7	0.439	301	8.35	1.89	25.20	6	1.42	1	2.84	23.97	25.20	22.59	399.88	377.22	5.174	15.056	15.27	44.42	499.5	1800	362	88.22	8.04	-0.0912	1.0	-0.22	2.74	1.00	0.00	0.16	111115
72	"17:47:23"	8407.5	0	16.2	0.436	298	8.2	1.87	25.20	6	1.42	1	2.84	23.92	25.20	22.53	400.24	377.02	5.619	15.318	16.63	45.34	499.5	1800	371	88.22	7.98	-0.0934	1.0	-0.22	2.74	1.00	0.00	0.16	111115
73	"17:49:14"	8519.0	0	21	0.428	463	7.9	1.82	25.18	6	1.42	1	2.84	23.83	25.18	22.44	599.74	569.13	6.424	15.764	19.12	46.92	499.5	1800	342	88.22	9.04	-0.093	1.0	-0.22	2.74	1.00	0.00	0.16	111115
74	"17:50:57"	8622.0	0	22.8	0.42	646	7.62	1.79	25.15	6	1.42	1	2.84	23.74	25.15	22.35	801.67	767.27	7.104	16.109	21.26	48.21	499.5	1800	354	88.22	9.8	-0.0949	0.7	-0.22	2.74	1.00	0.00	0.16	111115
75	"17:52:59"	8744.0	0	23.6	0.408	1.02E+03	7.31	1.76	25.17	6	1.42	1	2.84	23.65	25.17	22.27	1199.86	1161.32	7.853	16.486	23.62	49.59	499.5	1800	364	88.22	10.7	-0.0932	0.7	-0.22	2.74	1.00	0.00	0.16	111115
76	"17:54:54"	8859.0	0	24	0.396	1.4E+03	7.04	1.74	25.21	6	1.42	1	2.84	23.63	25.21	22.24	1600.97	1558.91	8.502	16.814	25.61	50.64	499.6	1800	386	88.22	11.1	-0.0957	1.0	-0.22	2.74	1.00	0.00	0.16	111115
77	"17:56:59"	8983.5	0	24.8	0.386	1.78E+03	6.88	1.74	25.46	6	1.42	1	2.84	23.81	25.46	22.40	2000.75	1954.78	9.250	17.364	27.55	51.73	499.6	1799	1641	88.22	11.3	-0.0989	1.0	-0.22	2.74	1.00	0.00	0.16	111115
78	"17:59:05"	9109.5	0	15.8	0.393	294	7.13	1.77	26.12	6	1.42	1	2.84	24.48	26.12	23.06	398.92	376.77	10.085	18.486	28.86	52.90	499.5	1799	604	88.22	8	-0.109	0.7	-0.22	2.74	1.00	0.00	0.16	111115
"18:05:49 c2"
"18:05:52 Launched AutoProg /User/Configs/AutoProgs/A-CiCurve"
79	"18:06:56"	9580.5	0	15.9	0.379	288	9.31	2.4	26.11	6	1.42	1	2.84	25.27	26.11	23.92	400.91	377.58	0.302	11.337	0.82	30.95	500.4	1800	418	88.22	8.06	-0.0512	0.7	-0.22	2.74	1.00	0.00	0.16	111115
80	"18:08:08"	9653.5	0	11.4	0.365	216	9.04	2.4	25.99	6	1.42	1	2.84	25.12	25.99	23.80	299.35	282.62	0.278	10.995	0.77	30.29	500.4	1801	367	88.22	7.49	-0.0438	1.0	-0.22	2.74	1.00	0.00	0.16	111115
81	"18:09:26"	9731.0	0	6.99	0.352	147	8.81	2.42	25.94	6	1.42	1	2.84	24.97	25.94	23.65	199.90	189.51	0.258	10.706	0.72	29.76	500.4	1800	370	88.22	6.67	-0.0413	1.0	-0.22	2.74	1.00	0.00	0.16	111115
82	"18:10:48"	9812.5	0	2.26	0.341	81.4	8.58	2.42	25.84	6	1.42	1	2.84	24.79	25.84	23.50	100.77	97.06	0.243	10.421	0.68	29.27	500.4	1801	445	88.22	5.91	-0.0354	1.0	-0.22	2.74	1.00	0.00	0.16	111115
83	"18:12:00"	9884.5	0	1.04	0.332	62.9	8.42	2.44	25.82	6	1.42	1	2.84	24.68	25.82	23.39	73.34	71.38	0.233	10.222	0.66	28.90	500.4	1801	440	88.22	5.74	-0.0267	1.0	-0.22	2.74	1.00	0.00	0.16	111115
84	"18:13:29"	9973.5	0	15.2	0.323	282	8.24	2.45	25.78	6	1.42	1	2.84	24.59	25.78	23.29	401.22	379.23	0.223	10.007	0.63	28.44	500.4	1801	843	88.22	8.12	-0.0248	1.0	-0.22	2.74	1.00	0.00	0.16	111115
85	"18:14:57"	10062.0	0	15.2	0.316	280	8.15	2.47	25.82	6	1.42	1	2.84	24.57	25.82	23.28	400.66	378.73	0.216	9.888	0.61	28.14	500.4	1800	520	88.22	8.14	-0.0227	1.0	-0.22	2.74	1.00	0.00	0.16	111115
86	"18:16:43"	10168.0	0	0.422	0.252	433	6.27	2.33	25.77	6	1.42	1	2.84	24.53	25.77	23.23	459.31	455.28	3.675	11.306	10.48	32.26	487.1	1801	529	88.2	9.3	-0.0201	0.0	-0.22	2.74	1.00	0.00	0.16	111115
87	"18:18:37"	10281.5	0	25.4	0.302	585	7.9	2.49	25.81	6	1.42	1	2.84	24.48	25.81	23.16	799.67	762.04	0.210	9.595	0.60	27.47	500.4	1799	1606	88.22	10.2	-0.0189	1.0	-0.22	2.74	1.00	0.00	0.16	111115
88	"18:20:37"	10401.5	0	28.7	0.299	938	8.02	2.55	26.18	6	1.42	1	2.84	24.79	26.18	23.45	1199.18	1153.69	0.213	9.742	0.60	27.38	500.4	1799	885	88.22	11.4	-0.0214	0.7	-0.22	2.74	1.00	0.00	0.16	111115
89	"18:22:34"	10518.5	0	30.2	0.297	1.3E+03	8.12	2.6	26.46	6	1.42	1	2.84	25.08	26.46	23.74	1599.82	1548.51	0.219	9.858	0.60	27.22	500.4	1800	520	88.22	12.4	-0.0265	0.7	-0.22	2.74	1.00	0.00	0.16	111115
90	"18:24:22"	10627.0	0	32	0.293	1.67E+03	8.05	2.61	26.47	6	1.42	1	2.84	25.11	26.47	23.76	1999.50	1942.39	0.216	9.778	0.60	26.94	500.4	1801	563	88.22	12.9	-0.0263	0.7	-0.22	2.74	1.00	0.00	0.16	111115
91	"18:26:04"	10729.0	0	13.9	0.29	279	7.97	2.6	26.41	6	1.42	1	2.84	25.07	26.41	23.73	397.68	377.45	0.210	9.676	0.58	26.74	500.4	1800	392	88.22	8.3	-0.0224	0.7	-0.22	2.74	1.00	0.00	0.16	111115
"18:36:58 d6"
"18:37:04 Launched AutoProg /User/Configs/AutoProgs/A-CiCurve"
92	"18:38:17"	11461.5	0	6.25	0.256	329	7.09	2.6	25.93	6	1.42	1	2.84	24.51	25.93	23.19	398.60	387.80	0.205	8.634	0.59	24.66	500.4	1800	221	88.21	8.28	-0.0103	1.0	-0.22	2.74	1.00	0.00	0.16	111115
93	"18:39:27"	11532.0	0	4.6	0.239	245	6.74	2.63	25.91	6	1.42	1	2.84	24.28	25.91	22.93	298.99	291.12	0.206	8.222	0.60	23.81	500.4	1801	218	88.21	7.7	0.00418	1.0	-0.22	2.74	1.00	0.00	0.16	111115
94	"18:40:36"	11600.5	0	2.77	0.229	165	6.52	2.65	25.89	6	1.42	1	2.84	24.11	25.89	22.75	199.26	194.43	0.210	7.966	0.61	23.30	500.4	1801	216	88.21	6.9	0.00904	1.0	-0.22	2.74	1.00	0.00	0.16	111115
95	"18:41:59"	11683.5	0	0.999	0.221	85.7	6.33	2.66	25.84	6	1.42	1	2.84	23.95	25.84	22.59	99.88	97.94	0.212	7.749	0.63	22.89	500.4	1801	215	88.21	6.09	0.0118	1.0	-0.22	2.74	1.00	0.00	0.16	111115
96	"18:43:07"	11752.0	0	0.231	0.217	68.1	6.23	2.66	25.81	6	1.42	1	2.84	23.84	25.81	22.48	74.21	73.39	0.216	7.625	0.64	22.67	500.4	1800	211	88.21	5.91	0.0179	1.0	-0.22	2.74	1.00	0.00	0.16	111115
97	"18:44:33"	11838.0	0	6.29	0.212	323	6.1	2.66	25.72	6	1.42	1	2.84	23.72	25.72	22.36	401.17	390.77	0.223	7.478	0.67	22.40	500.4	1800	209	88.21	8.26	0.0157	0.7	-0.22	2.74	1.00	0.00	0.16	111115
98	"18:45:34"	11898.5	0	6.08	0.21	323	6.02	2.66	25.68	6	1.42	1	2.84	23.65	25.68	22.29	400.20	390.09	0.225	7.393	0.68	22.24	500.4	1800	206	88.21	8.28	0.0171	0.7	-0.22	2.74	1.00	0.00	0.16	111115
99	"18:47:25"	12009.5	0	9.16	0.206	484	5.91	2.65	25.58	6	1.42	1	2.84	23.51	25.58	22.15	600.75	585.62	0.233	7.263	0.71	22.03	500.4	1800	206	88.21	9.4	0.0175	0.7	-0.22	2.74	1.00	0.00	0.16	111115
100	"18:48:43"	12087.5	0	10.7	0.204	657	5.84	2.64	25.52	6	1.42	1	2.84	23.43	25.52	22.06	798.98	780.67	0.238	7.193	0.72	21.92	500.4	1801	204	88.21	10.1	0.0209	1.0	-0.22	2.74	1.00	0.00	0.16	111115
101	"18:50:35"	12200.0	0	12.6	0.203	1.02E+03	5.78	2.64	25.44	6	1.42	1	2.84	23.33	25.44	21.96	1201.56	1178.26	0.247	7.128	0.76	21.86	500.4	1801	198	88.21	11.1	0.0234	0.7	-0.22	2.74	1.00	0.00	0.16	111115
102	"18:52:27"	12311.5	0	14.2	0.201	1.38E+03	5.72	2.63	25.39	6	1.42	1	2.84	23.26	25.39	21.89	1600.89	1573.13	0.262	7.072	0.81	21.78	500.4	1801	197	88.21	11.8	0.0172	1.0	-0.22	2.74	1.00	0.00	0.16	111115
103	"18:54:12"	12416.5	0	15.1	0.2	1.75E+03	5.69	2.63	25.38	6	1.42	1	2.84	23.23	25.38	21.86	2001.10	1969.51	0.279	7.054	0.86	21.76	500.4	1800	194	88.21	12.2	0.0195	1.0	-0.22	2.74	1.00	0.00	0.16	111115
104	"18:56:03"	12527.5	0	5.74	0.2	325	5.7	2.62	25.37	6	1.42	1	2.84	23.18	25.37	21.81	399.87	390.32	0.301	7.082	0.93	21.91	500.4	1801	189	88.21	8.25	0.0194	1.0	-0.22	2.74	1.00	0.00	0.16	111115
"18:59:54 g6"
"19:00:06 Launched AutoProg /User/Configs/AutoProgs/A-CiCurve"
105	"19:01:22"	12846.5	0	9.05	0.421	332	8.98	2.11	24.51	6	1.42	1	2.84	25.90	24.51	26.17	399.68	384.68	0.395	11.049	1.04	29.05	500.4	1799	127	88.21	8.2	-0.0639	0.7	-0.22	2.74	1.00	0.00	0.16	111115
106	"19:02:32"	12916.5	0	6.78	0.381	245	8.78	2.25	25.16	6	1.42	1	2.84	26.23	25.16	26.15	298.77	287.62	0.437	10.852	1.13	27.99	500.4	1798	134	88.21	7.54	-0.0554	1.0	-0.22	2.74	1.00	0.00	0.16	111115
107	"19:04:04"	13008.5	0	4.12	0.332	163	8.24	2.39	25.60	6	1.42	1	2.84	25.16	25.60	23.88	199.03	192.19	0.507	10.282	1.39	28.26	500.4	1799	146	88.21	6.95	-0.0379	1.0	-0.22	2.74	1.00	0.00	0.16	111115
108	"19:05:36"	13101.0	0	0.689	0.305	88.4	7.77	2.43	25.61	6	1.42	1	2.84	24.51	25.61	23.14	98.23	96.51	0.598	9.826	1.71	28.07	500.4	1799	147	88.21	6.28	-0.0203	0.7	-0.22	2.74	1.00	0.00	0.16	111115
109	"19:06:48"	13172.5	0	0.631	0.291	67.3	7.49	2.44	25.56	6	1.42	1	2.84	24.16	25.56	22.77	75.69	74.26	0.691	9.583	2.02	27.95	500.4	1799	142	88.21	5.98	-0.0143	1.0	-0.22	2.74	1.00	0.00	0.16	111115
110	"19:08:32"	13276.5	0	9.34	0.279	313	7.17	2.43	25.42	6	1.42	1	2.84	23.78	25.42	22.36	401.49	386.97	0.860	9.375	2.57	27.98	500.4	1799	123	88.21	8.37	-0.0096	0.7	-0.22	2.74	1.00	0.00	0.16	111115
111	"19:09:33"	13337.5	0	9.21	0.273	312	7	2.42	25.32	6	1.42	1	2.84	23.57	25.32	22.15	400.66	386.38	0.982	9.294	2.97	28.08	500.4	1800	114	88.21	8.42	-0.0103	1.0	-0.22	2.74	1.00	0.00	0.16	111115
112	"19:11:26"	13450.5	0	13.2	0.265	472	6.72	2.39	25.14	6	1.42	1	2.84	23.27	25.14	21.85	601.48	580.95	1.246	9.236	3.84	28.42	500.3	1800	110	88.21	9.41	-0.0047	0.3	-0.22	2.74	1.00	0.00	0.16	111115
113	"19:12:42"	13526.5	0	14.2	0.259	652	6.55	2.37	25.05	6	1.42	1	2.84	23.11	25.05	21.70	800.01	776.92	1.458	9.238	4.53	28.70	500.4	1800	117	88.21	10.2	-0.00718	0.7	-0.22	2.74	1.00	0.00	0.16	111115
114	"19:14:40"	13645.0	0	14.3	0.251	1.03E+03	6.29	2.35	24.96	6	1.42	1	2.84	22.93	24.96	21.52	1200.42	1174.39	1.844	9.314	5.79	29.27	500.4	1800	116	88.21	11.3	-0.00239	0.7	-0.22	2.74	1.00	0.00	0.16	111115
115	"19:16:50"	13775.0	0	15.7	0.242	1.4E+03	6.01	2.32	24.89	6	1.42	1	2.84	22.79	24.89	21.41	1599.56	1569.42	2.348	9.488	7.44	30.05	500.4	1800	117	88.21	11.9	-3.38E-05	0.7	-0.22	2.74	1.00	0.00	0.16	111115
116	"19:19:00"	13905.0	0	17.4	0.235	1.76E+03	5.76	2.29	24.85	6	1.42	1	2.84	22.71	24.85	21.35	2001.08	1966.61	2.913	9.755	9.27	31.05	500.4	1800	114	88.21	12.3	0.000644	1.0	-0.22	2.74	1.00	0.00	0.16	111115
117	"19:20:37"	14002.0	0	8.27	0.23	310	5.58	2.26	24.83	6	1.42	1	2.84	22.66	24.83	21.29	398.49	385.97	3.380	10.016	10.80	31.99	499.4	1800	112	88.21	8.27	0.00652	0.3	-0.22	2.74	1.00	0.00	0.16	111115
