"OPEN 6.1.4"
"Tue Sep  9 2014 14:35:14"
<open><version>"6.1.4"</version></open>
<open><configfile>"/User/Configs/UserPrefs/LED2x3.xml"</configfile></open>
<open><light><source>"6400-02 or -02B LED Source"</source><par_in>1 <sensor>"SI-2113"<cal>-0.90<actinity>1.00</actinity><transm>1.00</transm></cal></sensor><transm>1 </transm></par_in><par_out>1 <sensor>"Q37417"<cal>6.95 </cal></sensor></par_out></light></open>
<open><comps><file>"/User/Configs/Comps/StdComps_6.1"<header>""</header><extras></extras></file><energybal>no<f_parIn>1 </f_parIn><f_parOut>0 </f_parOut><alphaK>0.16</alphaK></energybal><bc_total>2.840<stomatal_ratio>1</stomatal_ratio><bc_oneside>1.420<type>2 </type><table>"/Sys/Lib/StdBLCTable"</table><area>6</area><slope>-0.219565 </slope><offset>2.73739 </offset><fan>5 </fan></bc_oneside></bc_total></comps></open>
<open><prompts><onlog>off</onlog><items>"Default (none)"</items></prompts></open>
<open><constants><oxygen>21 %</oxygen><bb_vapor>1.5 </bb_vapor><bb_oxy>0.9 </bb_oxy></constants></open>
<open><stability><items>"Std Stability"<items[1]><id>-2 </id><size>15 </size><pcv><onoff>0 </onoff><value>1 </value></pcv><std><onoff>0 </onoff><value>1 </value></std><slp><onoff>1 </onoff><value>1 </value></slp></items[1]><items[2]><id>-5 </id><size>15 </size><pcv><onoff>0 </onoff><value>1 </value></pcv><std><onoff>0 </onoff><value>1 </value></std><slp><onoff>1 </onoff><value>1 </value></slp></items[2]><items[3]><id>-7 </id><size>15 </size><pcv><onoff>0 </onoff><value>1 </value></pcv><std><onoff>0 </onoff><value>1 </value></std><slp><onoff>1 </onoff><value>1 </value></slp></items[3]></items></stability></open>
<open><log><format>"StdLogFmt_6.0"<items>{ -35  -21  -36  -76  30  23  36  21  25  221  -33  111  -34  11  -9  -10  -8  -1  -2  -4  -5  -14  -15  -7  -12  -13  -11  -65  -66  -72  -18  -19  -77  -78  -79  -23   }<hdr>{  }</hdr></items></format><options><beep>on</beep><hdr>normal</hdr><rem>normal</rem><stab>no</stab><stats>no<period>15 </period></stats><excel>yes</excel><comm>no</comm></options><datafile>"/User/09-09-2014-ims-aci-pita"</datafile><button><action>"Normal Log"<code>" LogOneObsManual "</code></action></button><autoprog>"/User/Configs/AutoProgs/AutoLog"<active>no</active></autoprog></log></open>
<open><a2d><avgtime>4.0 secs</avgtime><userchans><ch20>"Off"</ch20><ch21>"Off"</ch21><ch22>"Off"</ch22><ch23>"Off"</ch23></userchans></a2d></open>
<open><matching><type>0 </type><disp>'a'</disp><settings><CO2Limit>10.0</CO2Limit><H2OLimit>1.0</H2OLimit><MaxAutoTime>60 </MaxAutoTime></settings></matching></open>
<li6400><factory><unit>"PSC-2044"</unit><serviced>"19 Mar 2013"</serviced><fuseaware>0 </fuseaware><co2mixer>yes</co2mixer><co2><coeffs>{ 0  0.20975  3.60275e-05  1.30431e-08  -1.27414e-12  1.37212e-16   }</coeffs><dvdt>-3.3 </dvdt><xs>{ 0.0002  -0.001   }</xs></co2><h2o><coeffs>{ 0  0.005751  2.2308e-06  -3.0317e-12   }</coeffs><dvdt>-3 </dvdt><xs>{ -0.0026  1e-04   }</xs></h2o><flow>{ 0  0.3631   }</flow><press>{ 88.237  0.00557   }</press></factory></li6400>
<li6400><user><flow_zero>-159.9</flow_zero><irga_zero><co2>74.1 74.1<at>27.6068 </at></co2><h2o>35.1 35.1<at>28.3719 </at></h2o></irga_zero><irga_span><co2>{ 0.988644  0.989341   }</co2><h2o>{ 0.995496  1.00218   }</h2o></irga_span><irga_match><co2>{ -1.15032  19.5592   }</co2><h2o>{ -0.0064105  0.138653   }</h2o></irga_match><co2_mixer><pump_mv>4500 </pump_mv><ppm>{ 2636.2  1207.13  466.087  280.594  127.328  75.0554  50.2393  43.2909   }</ppm><mv>{ 5000  3000  1500  1000  500  300  200  100   }</mv></co2_mixer><parin_offset>0 </parin_offset><led_cal><unit>"SI-2113"</unit><mv>{ 10  25  50  100  1000  2000  3000  4000  5000   }</mv><qntm>{ 3.24371  12.6745  27.8474  62.6479  714.013  1409.47  2070.9  2707.32  3313.68   }</qntm></led_cal><lcf_cal><unit>"unknown"</unit><red><mv>{ 50  100  500  1000  1500  5000   }</mv><qntm>{ 50  100  500  1000  2000  5000   }</qntm></red><blue><mv>{ 100  200  500  1000  2000  5000   }</mv><qntm>{ 10  20  50  100  200  500   }</qntm></blue></lcf_cal></user></li6400>
"14:35:22 "
$STARTOFDATA$
"Obs"	"HHMMSS"	"FTime"	"EBal?"	"Photo"	"Cond"	"Ci"	"Trmmol"	"VpdL"	"CTleaf"	"Area"	"BLC_1"	"StmRat"	"BLCond"	"Tair"	"Tleaf"	"TBlk"	"CO2R"	"CO2S"	"H2OR"	"H2OS"	"RH_R"	"RH_S"	"Flow"	"PARi"	"PARo"	"Press"	"CsMch"	"HsMch"	"StableF"	"BLCslope"	"BLCoffst"	"f_parin"	"f_parout"	"alphaK"	"Status"
"14:40:21 Launched AutoProg /User/Configs/AutoProgs/A-CiCurve"
"14:42:32 b12"
"14:42:38 Launched AutoProg /User/Configs/AutoProgs/A-CiCurve"
1	"14:43:52"	545.0	0	19.4	0.419	276	9.53	2.25	25.28	6	1.42	1	2.84	25.24	25.28	24.60	400.13	372.60	-0.138	11.171	-0.38	30.56	500.1	1799	697	88.25	18	-0.0387	1.0	-0.22	2.74	1.00	0.00	0.16	111115
2	"14:45:21"	634.0	0	14.3	0.422	208	9.52	2.23	25.20	6	1.42	1	2.84	24.86	25.20	24.02	299.07	278.73	-0.139	11.157	-0.39	31.22	500.1	1799	675	88.25	16.6	-0.0329	1.0	-0.22	2.74	1.00	0.00	0.16	111115
3	"14:46:29"	701.5	0	9	0.424	141	9.48	2.22	25.09	6	1.42	1	2.84	24.69	25.09	23.82	198.74	185.83	-0.139	11.114	-0.39	31.42	500.1	1800	700	88.25	14.7	-0.028	1.0	-0.22	2.74	1.00	0.00	0.16	111115
4	"14:47:47"	779.5	0	3.21	0.423	76.8	9.44	2.21	25.02	6	1.42	1	2.84	24.65	25.02	23.83	98.86	93.95	-0.140	11.059	-0.40	31.34	500.1	1800	722	88.24	12.9	-0.0263	1.0	-0.22	2.74	1.00	0.00	0.16	111115
5	"14:49:02"	855.0	0	0.00815	0.422	46.5	9.41	2.21	25.01	6	1.42	1	2.84	24.65	25.01	23.83	49.03	48.47	-0.137	11.030	-0.39	31.26	500.1	1799	829	88.24	11.8	-0.0257	1.0	-0.22	2.74	1.00	0.00	0.16	111115
6	"14:51:13"	985.5	0	19	0.415	279	9.32	2.22	25.01	6	1.42	1	2.84	24.63	25.01	23.83	401.34	374.36	-0.135	10.929	-0.38	31.00	500.1	1799	700	88.24	18.1	0.00772	1.0	-0.22	2.74	1.00	0.00	0.16	111115
7	"14:52:14"	1047.0	0	19	0.413	278	9.31	2.22	25.03	6	1.42	1	2.84	24.64	25.03	23.83	400.72	373.78	-0.132	10.912	-0.38	30.94	500.1	1800	709	88.24	18.2	0.00397	1.0	-0.22	2.74	1.00	0.00	0.16	111115
8	"14:54:25"	1178.0	0	24.7	0.408	436	9.26	2.24	25.07	6	1.42	1	2.84	24.66	25.07	23.83	600.98	565.04	-0.127	10.866	-0.36	30.78	500.1	1799	758	88.23	20.9	0.0089	1.0	-0.22	2.74	1.00	0.00	0.16	111115
9	"14:56:17"	1290.0	0	27.9	0.404	608	9.24	2.25	25.15	6	1.42	1	2.84	24.69	25.15	23.82	801.52	759.66	-0.123	10.841	-0.35	30.64	500.1	1799	862	88.24	23.3	0.0113	0.7	-0.22	2.74	1.00	0.00	0.16	111115
10	"14:58:21"	1414.0	0	29	0.402	980	9.22	2.25	25.15	6	1.42	1	2.84	24.46	25.15	23.43	1200.60	1153.05	-0.117	10.823	-0.34	31.01	500.0	1800	808	88.23	27.1	0.0258	0.7	-0.22	2.74	1.00	0.00	0.16	111115
11	"15:00:31"	1543.5	0	28.8	0.398	1.36E+03	9.1	2.25	25.05	6	1.42	1	2.84	24.30	25.05	23.24	1600.59	1549.12	-0.116	10.688	-0.33	30.92	500.1	1800	814	88.23	30	0.0286	0.7	-0.22	2.74	1.00	0.00	0.16	111115
12	"15:02:00"	1633.0	0	30	0.391	1.73E+03	8.99	2.25	25.02	6	1.42	1	2.84	24.28	25.02	23.24	2000.49	1943.48	-0.111	10.564	-0.32	30.61	500.1	1799	768	88.23	31.8	0.0338	1.0	-0.22	2.74	1.00	0.00	0.16	111115
"15:03:15 Warning! Large Deltas in match: CO2=13.5, H2O=0.00"
13	"15:03:34"	1726.5	0	17.8	0.388	279	9.03	2.28	25.18	6	1.42	1	2.84	24.35	25.18	23.24	399.59	374.17	-0.106	10.617	-0.30	30.62	500.1	1799	1917	88.23	18.4	0.0311	0.7	-0.22	2.74	1.00	0.00	0.16	111115
"15:10:41 h8"
"15:10:44 Launched AutoProg /User/Configs/AutoProgs/A-CiCurve"
14	"15:12:08"	2240.5	0	7.7	0.274	323	7.18	2.48	25.24	6	1.42	1	2.84	24.11	25.24	22.71	399.92	387.34	-0.070	8.477	-0.21	24.80	500.0	1801	225	88.23	18.8	0.115	1.0	-0.22	2.74	1.00	0.00	0.16	111115
15	"15:13:31"	2324.0	0	5.18	0.255	245	6.76	2.49	25.10	6	1.42	1	2.84	23.88	25.10	22.64	300.73	292.14	-0.059	7.984	-0.18	23.69	500.0	1801	227	88.22	17.4	0.0552	1.0	-0.22	2.74	1.00	0.00	0.16	111115
16	"15:14:45"	2398.0	0	3.1	0.242	163	6.47	2.5	25.00	6	1.42	1	2.84	23.81	25.00	22.65	198.65	193.43	-0.054	7.648	-0.16	22.78	500.0	1800	235	88.22	15.3	0.0596	1.0	-0.22	2.74	1.00	0.00	0.16	111115
17	"15:16:17"	2490.0	0	0.781	0.23	87.3	6.2	2.51	24.89	6	1.42	1	2.84	23.76	24.89	22.65	99.06	97.40	-0.042	7.343	-0.13	21.94	500.1	1800	248	88.22	13.3	0.0603	1.0	-0.22	2.74	1.00	0.00	0.16	111115
18	"15:17:35"	2567.5	0	-0.282	0.222	49.8	6.03	2.52	24.85	6	1.42	1	2.84	23.73	24.85	22.65	49.94	49.92	-0.029	7.149	-0.09	21.40	500.0	1800	236	88.22	12.1	0.0683	1.0	-0.22	2.74	1.00	0.00	0.16	111115
19	"15:19:46"	2698.5	0	6.83	0.211	319	5.8	2.55	24.91	6	1.42	1	2.84	23.87	24.91	22.85	401.40	390.49	0.011	6.917	0.03	20.54	500.0	1800	220	88.22	18.6	0.0677	1.0	-0.22	2.74	1.00	0.00	0.16	111115
20	"15:21:07"	2780.0	0	6.7	0.204	317	5.66	2.56	24.91	6	1.42	1	2.84	23.86	24.91	22.85	399.92	389.24	0.051	6.798	0.15	20.20	500.0	1800	216	88.22	18.6	0.0736	1.0	-0.22	2.74	1.00	0.00	0.16	111115
21	"15:22:59"	2892.0	0	9.43	0.197	479	5.47	2.57	24.88	6	1.42	1	2.84	23.84	24.88	22.85	600.73	585.57	0.141	6.665	0.42	19.82	500.0	1800	224	88.21	21.4	0.07	1.0	-0.22	2.74	1.00	0.00	0.16	111115
22	"15:24:49"	3001.5	0	11.4	0.19	647	5.33	2.58	24.92	6	1.42	1	2.84	23.85	24.92	22.85	800.84	782.15	0.249	6.606	0.74	19.64	500.1	1799	257	88.21	23.7	0.0756	1.0	-0.22	2.74	1.00	0.00	0.16	111115
23	"15:26:56"	3129.0	0	13.3	0.184	1E+03	5.17	2.59	24.93	6	1.42	1	2.84	23.84	24.93	22.85	1200.95	1177.65	0.388	6.557	1.15	19.49	500.0	1799	267	88.21	27.2	0.0772	0.7	-0.22	2.74	1.00	0.00	0.16	111115
24	"15:28:57"	3249.5	0	14.9	0.179	1.36E+03	5.06	2.6	24.99	6	1.42	1	2.84	23.86	24.99	22.86	1601.44	1573.96	0.553	6.587	1.64	19.56	500.1	1799	343	88.2	29.6	0.0822	1.0	-0.22	2.74	1.00	0.00	0.16	111115
25	"15:30:29"	3342.0	0	16.5	0.176	1.72E+03	5.03	2.62	25.19	6	1.42	1	2.84	23.95	25.19	22.86	2001.17	1969.53	0.721	6.713	2.13	19.83	500.0	1799	346	88.2	31.8	0.0844	1.0	-0.22	2.74	1.00	0.00	0.16	111115
"15:32:02 Warning! Large Deltas in match: CO2=13.0, H2O=-0.00"
26	"15:32:21"	3454.0	0	6.13	0.175	314	4.96	2.6	25.11	6	1.42	1	2.84	23.34	25.11	21.80	399.79	390.11	0.941	6.857	2.88	21.02	500.1	1800	290	88.2	18.8	0.0886	1.0	-0.22	2.74	1.00	0.00	0.16	111115
"15:36:49 a13"
"15:36:52 Launched AutoProg /User/Configs/AutoProgs/A-CiCurve"
27	"15:38:15"	3808.0	0	18.5	0.459	287	9.33	2.03	24.98	6	1.42	1	2.84	24.40	24.98	23.43	399.63	373.20	1.910	12.965	5.49	37.28	500.0	1800	643	88.19	18.5	0.0519	1.0	-0.22	2.74	1.00	0.00	0.16	111115
28	"15:39:41"	3893.5	0	13.9	0.456	215	9.29	2.03	25.09	6	1.42	1	2.84	24.45	25.09	23.43	299.33	279.51	2.192	13.194	6.28	37.81	500.0	1799	635	88.19	16.7	-0.0209	1.0	-0.22	2.74	1.00	0.00	0.16	111115
29	"15:40:52"	3964.5	0	8.37	0.458	147	9.28	2.02	25.13	6	1.42	1	2.84	24.47	25.13	23.43	198.95	186.83	2.421	13.407	6.93	38.39	500.0	1800	631	88.19	15	-0.0179	1.0	-0.22	2.74	1.00	0.00	0.16	111115
30	"15:42:19"	4052.0	0	2.67	0.458	80.8	9.2	2.01	25.13	6	1.42	1	2.84	24.46	25.13	23.43	98.84	94.59	2.695	13.589	7.72	38.93	500.1	1799	514	88.19	13.1	-0.0226	1.0	-0.22	2.74	1.00	0.00	0.16	111115
31	"15:43:37"	4130.0	0	-0.0513	0.457	47.7	9.11	1.99	25.12	6	1.42	1	2.84	24.44	25.12	23.43	49.71	49.23	2.940	13.725	8.43	39.36	500.0	1799	634	88.19	12	-0.0222	1.0	-0.22	2.74	1.00	0.00	0.16	111115
32	"15:45:28"	4241.0	0	18.9	0.453	288	8.95	1.97	25.06	6	1.42	1	2.84	24.42	25.06	23.43	402.88	376.15	3.273	13.862	9.40	39.80	500.0	1800	557	88.19	18.1	-0.0237	0.7	-0.22	2.74	1.00	0.00	0.16	111115
33	"15:46:56"	4328.5	0	18.5	0.453	288	8.86	1.95	25.03	6	1.42	1	2.84	24.39	25.03	23.43	400.01	373.89	3.519	13.998	10.12	40.25	500.0	1800	543	88.18	18.2	-0.0169	1.0	-0.22	2.74	1.00	0.00	0.16	111115
34	"15:49:02"	4454.5	0	25.8	0.45	442	8.71	1.93	24.98	6	1.42	1	2.84	24.38	24.98	23.43	601.07	564.19	3.874	14.174	11.15	40.80	500.0	1799	517	88.18	20.7	-0.0287	1.0	-0.22	2.74	1.00	0.00	0.16	111115
35	"15:50:50"	4563.0	0	29	0.448	616	8.62	1.91	25.00	6	1.42	1	2.84	24.38	25.00	23.43	800.72	758.03	4.165	14.358	11.99	41.31	500.0	1800	563	88.17	23	-0.0317	1.0	-0.22	2.74	1.00	0.00	0.16	111115
36	"15:52:55"	4688.0	0	31.4	0.446	986	8.59	1.91	25.15	6	1.42	1	2.84	24.44	25.15	23.43	1200.95	1151.44	4.517	14.672	12.95	42.07	500.0	1798	966	88.17	26.6	-0.0223	0.7	-0.22	2.74	1.00	0.00	0.16	111115
37	"15:55:03"	4816.0	0	31.7	0.447	1.37E+03	8.48	1.89	25.11	6	1.42	1	2.84	24.31	25.11	23.24	1600.53	1546.72	4.899	14.917	14.16	43.11	500.1	1799	467	88.17	29.4	-0.0211	1.0	-0.22	2.74	1.00	0.00	0.16	111115
38	"15:56:32"	4904.5	0	33.6	0.444	1.74E+03	8.36	1.87	25.10	6	1.42	1	2.84	24.29	25.10	23.24	1999.54	1939.77	5.166	15.050	14.95	43.55	500.0	1799	607	88.17	30.8	0.0103	0.7	-0.22	2.74	1.00	0.00	0.16	111115
"15:58:03 Warning! Large Deltas in match: CO2=12.7, H2O=0.01"
39	"15:58:22"	5015.0	0	17.8	0.441	291	8.24	1.86	25.10	6	1.42	1	2.84	24.28	25.10	23.24	400.02	374.99	5.503	15.237	15.93	44.12	500.1	1799	829	88.17	18	-0.00086	1.0	-0.22	2.74	1.00	0.00	0.16	111115
"16:00:24 d10"
"16:00:28 Launched AutoProg /User/Configs/AutoProgs/A-CiCurve"
40	"16:02:01"	5233.5	0	18	0.506	300	8.45	1.69	25.18	6	1.42	1	2.84	24.23	25.18	22.79	401.52	376.12	7.344	17.303	21.33	50.25	500.0	1800	765	88.17	18	-0.0494	0.7	-0.22	2.74	1.00	0.00	0.16	111115
41	"16:03:48"	5341.0	0	12.9	0.518	226	8.35	1.63	25.03	6	1.42	1	2.84	23.95	25.03	22.65	298.42	280.13	7.749	17.593	22.88	51.95	500.1	1800	1159	88.17	16.5	-0.0336	1.0	-0.22	2.74	1.00	0.00	0.16	111115
42	"16:04:56"	5408.5	0	8.02	0.524	154	8.31	1.61	25.01	6	1.42	1	2.84	23.94	25.01	22.65	199.31	187.81	8.011	17.807	23.66	52.59	500.1	1800	1066	88.16	14.9	-0.0427	1.0	-0.22	2.74	1.00	0.00	0.16	111115
43	"16:06:18"	5490.5	0	2.7	0.527	84.1	8.29	1.6	25.07	6	1.42	1	2.84	23.97	25.07	22.66	100.43	96.23	8.315	18.080	24.52	53.31	500.1	1799	1312	88.16	13	-0.0459	1.0	-0.22	2.74	1.00	0.00	0.16	111115
44	"16:07:33"	5566.0	0	-0.236	0.528	49.1	8.27	1.59	25.17	6	1.42	1	2.84	24.00	25.17	22.65	49.94	49.73	8.614	18.360	25.35	54.04	500.1	1799	1515	88.16	12	-0.0478	1.0	-0.22	2.74	1.00	0.00	0.16	111115
45	"16:09:35"	5688.0	0	17.5	0.533	307	8.16	1.56	25.16	6	1.42	1	2.84	23.74	25.16	22.17	401.92	377.29	9.122	18.725	27.28	56.00	500.0	1799	869	88.16	18.4	-0.0397	0.7	-0.22	2.74	1.00	0.00	0.16	111115
46	"16:11:01"	5773.5	0	17.3	0.536	307	7.97	1.52	24.99	6	1.42	1	2.84	23.52	24.99	21.95	400.20	375.87	9.459	18.842	28.65	57.07	500.0	1800	912	88.16	18.3	-0.0267	1.0	-0.22	2.74	1.00	0.00	0.16	111115
47	"16:12:59"	5892.0	0	24	0.538	469	7.76	1.47	24.84	6	1.42	1	2.84	23.38	24.84	21.86	599.82	565.81	9.931	19.064	30.33	58.23	500.0	1800	932	88.16	21.4	-0.0202	1.0	-0.22	2.74	1.00	0.00	0.16	111115
48	"16:14:57"	6009.5	0	27.6	0.535	645	7.64	1.45	24.92	6	1.42	1	2.84	23.66	24.92	22.26	799.48	759.40	10.406	19.390	31.27	58.26	500.0	1800	875	88.15	23.5	-0.0193	1.0	-0.22	2.74	1.00	0.00	0.16	111115
49	"16:16:20"	6093.0	0	29.5	0.531	1.04E+03	7.53	1.44	24.94	6	1.42	1	2.84	23.65	24.94	22.26	1221.32	1175.36	10.712	19.572	32.20	58.83	500.0	1799	754	88.16	27.1	0.0159	0.7	-0.22	2.74	1.00	0.00	0.16	111115
50	"16:17:43"	6176.0	0	29.8	0.527	1.41E+03	7.42	1.43	24.94	6	1.42	1	2.84	23.75	24.94	22.46	1600.17	1550.63	10.997	19.720	32.86	58.92	500.0	1800	872	88.16	30.1	0.0128	0.7	-0.22	2.74	1.00	0.00	0.16	111115
51	"16:19:23"	6276.0	0	31	0.525	1.79E+03	7.32	1.42	24.95	6	1.42	1	2.84	23.75	24.95	22.46	1999.79	1945.47	11.309	19.913	33.78	59.48	500.0	1801	985	88.16	31.5	0.0111	0.7	-0.22	2.74	1.00	0.00	0.16	111115
"16:20:53 Warning! Large Deltas in match: CO2=13.2, H2O=0.02"
52	"16:21:12"	6385.0	0	16.7	0.523	308	7.25	1.41	25.05	6	1.42	1	2.84	23.79	25.05	22.46	399.99	376.62	11.674	20.202	34.80	60.22	500.0	1799	1043	88.15	18.3	-0.00831	1.0	-0.22	2.74	1.00	0.00	0.16	111115
"16:29:14 g10"
"16:29:17 Launched AutoProg /User/Configs/AutoProgs/A-CiCurve"
53	"16:30:26"	6939.0	0	7.09	0.348	335	8.96	2.48	26.27	6	1.42	1	2.84	24.80	26.27	23.26	400.03	387.36	0.086	10.725	0.24	30.08	500.1	1799	230	88.15	18.7	0.161	1.0	-0.22	2.74	1.00	0.00	0.16	111115
54	"16:31:38"	7011.0	0	5.06	0.328	251	8.61	2.52	26.27	6	1.42	1	2.84	24.69	26.27	23.12	300.09	291.01	0.082	10.306	0.23	29.10	500.1	1800	224	88.14	17.1	0.0877	0.7	-0.22	2.74	1.00	0.00	0.16	111115
55	"16:32:48"	7081.0	0	2.82	0.313	169	8.32	2.54	26.22	6	1.42	1	2.84	24.58	26.22	22.98	198.77	193.46	0.077	9.956	0.22	28.31	500.1	1801	206	88.14	15.2	0.0902	1.0	-0.22	2.74	1.00	0.00	0.16	111115
56	"16:34:20"	7172.5	0	0.519	0.298	91	8.03	2.56	26.18	6	1.42	1	2.84	24.49	26.18	22.90	100.08	98.51	0.068	9.610	0.19	27.46	500.0	1800	187	88.14	13.1	0.0949	1.0	-0.22	2.74	1.00	0.00	0.16	111115
57	"16:35:44"	7257.0	0	-0.256	0.286	48.3	7.76	2.57	26.06	6	1.42	1	2.84	24.35	26.06	22.75	49.17	49.02	0.061	9.280	0.17	26.75	500.0	1801	207	88.14	11.9	0.0955	1.0	-0.22	2.74	1.00	0.00	0.16	111115
58	"16:37:55"	7388.0	0	6.68	0.27	329	7.38	2.58	25.91	6	1.42	1	2.84	24.18	25.91	22.60	400.74	389.27	0.058	8.838	0.17	25.73	500.1	1800	221	88.13	18.7	0.115	1.0	-0.22	2.74	1.00	0.00	0.16	111115
59	"16:38:56"	7449.0	0	6.67	0.262	328	7.22	2.59	25.89	6	1.42	1	2.84	24.13	25.89	22.55	400.11	388.74	0.061	8.647	0.18	25.25	500.0	1800	230	88.13	18.8	0.121	1.0	-0.22	2.74	1.00	0.00	0.16	111115
60	"16:40:45"	7558.0	0	9.52	0.25	493	6.95	2.61	25.84	6	1.42	1	2.84	24.05	25.84	22.47	600.59	584.30	0.056	8.326	0.17	24.43	500.0	1800	214	88.13	21.5	0.126	0.7	-0.22	2.74	1.00	0.00	0.16	111115
61	"16:42:43"	7675.5	0	11.9	0.236	658	6.67	2.63	25.82	6	1.42	1	2.84	23.99	25.82	22.42	800.46	779.89	0.040	7.978	0.12	23.49	500.1	1799	202	88.13	23.7	0.0955	1.0	-0.22	2.74	1.00	0.00	0.16	111115
62	"16:44:54"	7807.0	0	13.7	0.224	1.02E+03	6.42	2.66	25.84	6	1.42	1	2.84	24.00	25.84	22.42	1201.15	1175.63	0.076	7.722	0.22	22.73	500.0	1800	215	88.13	28.3	0.136	0.7	-0.22	2.74	1.00	0.00	0.16	111115
63	"16:46:58"	7931.0	0	15.3	0.213	1.38E+03	6.18	2.69	25.85	6	1.42	1	2.84	23.95	25.85	22.37	1599.78	1569.83	0.085	7.450	0.25	21.98	500.0	1801	212	88.13	30.5	0.161	1.0	-0.22	2.74	1.00	0.00	0.16	111115
64	"16:48:39"	8032.0	0	16.5	0.205	1.74E+03	5.99	2.7	25.80	6	1.42	1	2.84	23.89	25.80	22.31	2000.00	1966.02	0.090	7.232	0.27	21.42	500.0	1801	161	88.13	32.3	0.165	1.0	-0.22	2.74	1.00	0.00	0.16	111115
"16:50:06 Warning! Large Deltas in match: CO2=14.0, H2O=0.01"
65	"16:50:25"	8138.0	0	6.28	0.199	318	5.84	2.7	25.75	6	1.42	1	2.84	23.82	25.75	22.25	399.75	389.48	0.092	7.055	0.27	20.98	500.0	1801	193	88.13	18.3	0.159	1.0	-0.22	2.74	1.00	0.00	0.16	111115
"17:11:24 c19"
"17:11:27 Launched AutoProg /User/Configs/AutoProgs/A-CiCurve"
66	"17:12:34"	9467.0	0	13.1	0.235	269	6.87	2.73	26.51	6	1.42	1	2.84	24.91	26.51	23.61	399.59	380.75	0.359	8.532	1.00	23.77	500.0	1801	599	88.1	18.6	0.196	1.0	-0.22	2.74	1.00	0.00	0.16	111115
67	"17:14:02"	9555.0	0	9.65	0.225	201	6.58	2.71	26.29	6	1.42	1	2.84	24.39	26.29	22.80	299.98	286.13	0.358	8.184	1.03	23.52	500.0	1801	458	88.09	16.8	0.153	1.0	-0.22	2.74	1.00	0.00	0.16	111115
68	"17:15:11"	9624.0	0	5.63	0.219	139	6.36	2.69	26.06	6	1.42	1	2.84	24.08	26.06	22.49	198.62	190.41	0.361	7.936	1.06	23.23	500.0	1801	423	88.1	14.9	0.149	1.0	-0.22	2.74	1.00	0.00	0.16	111115
69	"17:16:31"	9704.0	0	1.89	0.214	78	6.16	2.66	25.82	6	1.42	1	2.84	23.79	25.82	22.21	100.28	97.29	0.355	7.692	1.06	22.91	500.0	1801	370	88.1	12.8	0.156	1.0	-0.22	2.74	1.00	0.00	0.16	111115
70	"17:18:02"	9795.0	0	-0.414	0.209	49.9	5.97	2.64	25.59	6	1.42	1	2.84	23.53	25.59	21.97	48.81	48.96	0.349	7.456	1.06	22.56	500.0	1801	328	88.09	11.8	0.15	1.0	-0.22	2.74	1.00	0.00	0.16	111115
71	"17:19:32"	9885.0	0	13.1	0.205	267	5.78	2.61	25.33	6	1.42	1	2.84	23.27	25.33	21.70	410.42	391.98	0.348	7.229	1.07	22.22	500.0	1800	321	88.09	18.1	0.151	0.7	-0.22	2.74	1.00	0.00	0.16	111115
72	"17:21:19"	9992.0	0	12.5	0.202	262	5.62	2.58	25.09	6	1.42	1	2.84	23.01	25.09	21.44	399.58	382.05	0.347	7.048	1.08	22.00	500.0	1801	369	88.09	17.7	0.149	1.0	-0.22	2.74	1.00	0.00	0.16	111115
73	"17:23:09"	10101.5	0	17.9	0.2	401	5.51	2.54	24.84	6	1.42	1	2.84	22.78	24.84	21.21	600.64	575.34	0.351	6.917	1.11	21.90	500.1	1801	379	88.09	20.5	0.15	1.0	-0.22	2.74	1.00	0.00	0.16	111115
74	"17:25:01"	10214.0	0	21.5	0.198	555	5.41	2.52	24.70	6	1.42	1	2.84	22.58	24.70	21.01	800.87	770.07	0.378	6.831	1.21	21.89	500.0	1800	366	88.09	22.4	0.148	1.0	-0.22	2.74	1.00	0.00	0.16	111115
75	"17:27:12"	10345.0	0	22.9	0.195	920	5.33	2.51	24.61	6	1.42	1	2.84	22.42	24.61	20.85	1200.85	1165.94	0.418	6.765	1.35	21.89	500.0	1801	362	88.08	25.7	0.146	0.7	-0.22	2.74	1.00	0.00	0.16	111115
76	"17:29:02"	10455.0	0	24.4	0.193	1.28E+03	5.24	2.5	24.51	6	1.42	1	2.84	22.34	24.51	20.79	1598.75	1559.65	0.467	6.709	1.52	21.81	500.0	1800	331	88.08	28	0.161	0.7	-0.22	2.74	1.00	0.00	0.16	111115
77	"17:30:37"	10549.5	0	25.6	0.19	1.65E+03	5.16	2.5	24.49	6	1.42	1	2.84	22.28	24.49	20.72	2001.59	1958.75	0.520	6.672	1.70	21.78	500.0	1800	317	88.08	29.8	0.167	1.0	-0.22	2.74	1.00	0.00	0.16	111115
"17:31:57 Warning! Large Deltas in match: CO2=12.6, H2O=0.01"
78	"17:32:17"	10650.0	0	11.9	0.188	262	5.07	2.49	24.41	6	1.42	1	2.84	22.19	24.41	20.63	399.80	383.22	0.579	6.628	1.90	21.75	500.0	1800	289	88.08	17.3	0.16	1.0	-0.22	2.74	1.00	0.00	0.16	111115
"17:36:54 c17"
"17:36:57 Launched AutoProg /User/Configs/AutoProgs/A-CiCurve"
79	"17:38:10"	11003.0	0	5.26	0.0926	282	3	2.89	25.53	6	1.42	1	2.84	23.67	25.53	22.20	401.64	393.91	0.880	4.470	2.64	13.41	500.0	1800	335	88.08	17.2	0.16	1.0	-0.22	2.74	1.00	0.00	0.16	111115
80	"17:39:43"	11096.0	0	3.93	0.101	216	3.17	2.8	25.24	6	1.42	1	2.84	23.01	25.24	21.45	299.38	293.54	0.991	4.774	3.09	14.91	500.0	1801	327	88.08	15.6	0.16	1.0	-0.22	2.74	1.00	0.00	0.16	111115
81	"17:40:54"	11166.5	0	2.31	0.104	151	3.21	2.75	25.03	6	1.42	1	2.84	22.90	25.03	21.47	199.55	196.03	1.084	4.915	3.41	15.45	500.0	1801	343	88.08	14	0.158	1.0	-0.22	2.74	1.00	0.00	0.16	111115
82	"17:42:19"	11252.0	0	0.399	0.106	88.1	3.21	2.71	24.89	6	1.42	1	2.84	22.85	24.89	21.47	99.86	99.00	1.199	5.037	3.78	15.88	500.0	1801	378	88.08	12.2	0.158	1.0	-0.22	2.74	1.00	0.00	0.16	111115
83	"17:43:36"	11329.0	0	-0.477	0.106	54	3.19	2.7	24.86	6	1.42	1	2.84	22.83	24.86	21.48	48.69	49.07	1.310	5.114	4.14	16.14	500.0	1801	367	88.08	11.1	0.146	1.0	-0.22	2.74	1.00	0.00	0.16	111115
84	"17:45:46"	11459.0	0	5.37	0.105	291	3.16	2.7	24.91	6	1.42	1	2.84	22.97	24.91	21.68	400.70	392.77	1.510	5.285	4.72	16.54	500.0	1801	850	88.08	17.3	0.154	1.0	-0.22	2.74	1.00	0.00	0.16	111115
85	"17:46:46"	11518.5	0	5.46	0.104	288	3.17	2.72	25.06	6	1.42	1	2.84	23.03	25.06	21.69	400.02	391.98	1.618	5.395	5.04	16.82	500.0	1800	1901	88.08	17	0.157	1.0	-0.22	2.74	1.00	0.00	0.16	111115
86	"17:48:29"	11622.0	0	8.08	0.108	438	3.32	2.77	25.51	6	1.42	1	2.84	23.16	25.51	21.59	600.30	588.25	1.846	5.810	5.71	17.97	500.0	1799	707	88.08	20.4	0.182	1.0	-0.22	2.74	1.00	0.00	0.16	111115
87	"17:50:07"	11720.0	0	9.98	0.106	595	3.28	2.77	25.59	6	1.42	1	2.84	23.22	25.59	21.63	800.41	785.34	2.047	5.964	6.31	18.38	500.0	1800	543	88.08	23	0.189	1.0	-0.22	2.74	1.00	0.00	0.16	111115
88	"17:52:15"	11848.0	0	13	0.103	920	3.22	2.79	25.78	6	1.42	1	2.84	23.35	25.78	21.76	1201.44	1181.33	2.331	6.171	7.13	18.88	500.0	1799	1754	88.08	26.8	0.195	1.0	-0.22	2.74	1.00	0.00	0.16	111115
89	"17:54:14"	11967.0	0	14.4	0.0997	1.26E+03	3.15	2.82	26.04	6	1.42	1	2.84	23.62	26.04	22.00	1599.84	1576.56	2.629	6.389	7.91	19.23	500.0	1801	483	88.08	29.9	0.201	1.0	-0.22	2.74	1.00	0.00	0.16	111115
90	"17:55:51"	12063.5	0	15.3	0.0961	1.62E+03	3.02	2.8	25.98	6	1.42	1	2.84	23.54	25.98	21.93	2000.22	1974.68	2.851	6.455	8.62	19.51	500.0	1801	449	88.08	31.6	0.205	0.7	-0.22	2.74	1.00	0.00	0.16	111115
"17:57:21 Warning! Large Deltas in match: CO2=13.7, H2O=0.00"
91	"17:57:40"	12173.0	0	4.74	0.0923	291	2.85	2.75	25.73	6	1.42	1	2.84	23.31	25.73	21.72	399.97	392.93	3.102	6.501	9.51	19.93	500.1	1801	371	88.08	17.9	0.202	1.0	-0.22	2.74	1.00	0.00	0.16	111115
"18:02:02 f16"
"18:02:06 Launched AutoProg /User/Configs/AutoProgs/A-CiCurve"
92	"18:03:18"	12511.0	0	18.4	0.453	288	9.05	1.99	25.32	6	1.42	1	2.84	25.45	25.32	25.21	399.94	373.82	3.489	14.199	9.41	38.29	500.0	1799	277	88.08	17.2	0.0912	0.7	-0.22	2.74	1.00	0.00	0.16	111115
93	"18:04:41"	12594.0	0	13.9	0.462	216	9.11	1.97	25.34	6	1.42	1	2.84	24.62	25.34	23.62	299.60	279.84	3.723	14.499	10.55	41.08	500.0	1800	303	88.08	16	0.112	1.0	-0.22	2.74	1.00	0.00	0.16	111115
94	"18:05:49"	12662.0	0	8.56	0.468	147	9.07	1.94	25.26	6	1.42	1	2.84	24.33	25.26	23.23	198.88	186.58	3.914	14.641	11.28	42.21	500.0	1799	299	88.08	14.2	0.117	1.0	-0.22	2.74	1.00	0.00	0.16	111115
95	"18:07:10"	12742.5	0	2.98	0.474	80.6	8.97	1.9	25.07	6	1.42	1	2.84	23.90	25.07	22.64	99.77	95.17	4.126	14.732	12.21	43.59	500.0	1799	336	88.08	12.2	0.124	1.0	-0.22	2.74	1.00	0.00	0.16	111115
96	"18:08:26"	12819.0	0	-0.0287	0.477	46.6	8.89	1.87	24.98	6	1.42	1	2.84	23.84	24.98	22.65	48.60	48.13	4.336	14.847	12.87	44.08	500.1	1799	343	88.08	11.1	0.125	1.0	-0.22	2.74	1.00	0.00	0.16	111115
97	"18:10:37"	12950.0	0	18.3	0.481	293	8.9	1.86	25.13	6	1.42	1	2.84	23.90	25.13	22.65	400.43	374.48	4.767	15.288	14.10	45.22	500.0	1799	390	88.08	17.3	0.123	1.0	-0.22	2.74	1.00	0.00	0.16	111115
98	"18:11:38"	13011.0	0	18.4	0.482	293	8.86	1.84	25.13	6	1.42	1	2.84	23.80	25.13	22.44	400.66	374.57	4.968	15.433	14.79	45.94	500.1	1799	654	88.08	17.3	0.111	0.7	-0.22	2.74	1.00	0.00	0.16	111115
99	"18:13:49"	13142.0	0	24.6	0.484	455	8.7	1.81	25.02	6	1.42	1	2.84	23.42	25.02	21.88	601.07	565.60	5.367	15.641	16.34	47.63	500.0	1800	334	88.08	19.9	0.144	1.0	-0.22	2.74	1.00	0.00	0.16	111115
100	"18:15:36"	13248.5	0	27.5	0.477	632	8.45	1.78	24.84	6	1.42	1	2.84	23.41	24.84	22.06	800.53	759.85	5.629	15.605	17.15	47.55	500.1	1801	246	88.08	22.1	0.162	0.7	-0.22	2.74	1.00	0.00	0.16	111115
101	"18:17:47"	13380.0	0	29.9	0.455	1E+03	8.14	1.78	24.84	6	1.42	1	2.84	23.73	24.84	22.65	1201.66	1154.54	5.922	15.535	17.70	46.43	500.1	1800	258	88.08	24.8	0.134	1.0	-0.22	2.74	1.00	0.00	0.16	111115
102	"18:19:45"	13498.0	0	30.9	0.435	1.37E+03	7.92	1.8	24.92	6	1.42	1	2.84	23.99	24.92	23.04	1601.25	1549.45	6.157	15.508	18.12	45.64	500.0	1800	288	88.08	26.1	0.127	0.7	-0.22	2.74	1.00	0.00	0.16	111115
103	"18:21:16"	13589.0	0	32	0.423	1.75E+03	7.78	1.81	24.99	6	1.42	1	2.84	24.01	24.99	23.04	2000.63	1944.08	6.338	15.523	18.62	45.61	500.1	1800	304	88.07	27.7	0.125	1.0	-0.22	2.74	1.00	0.00	0.16	111115
"18:22:46 Warning! Large Deltas in match: CO2=11.1, H2O=0.01"
104	"18:23:05"	13697.5	0	16.8	0.412	291	7.62	1.82	25.05	6	1.42	1	2.84	24.02	25.05	23.04	399.83	376.18	6.557	15.557	19.26	45.69	500.1	1800	299	88.07	16.6	0.111	0.7	-0.22	2.74	1.00	0.00	0.16	111115
"18:31:15 d17"
"18:31:18 Launched AutoProg /User/Configs/AutoProgs/A-CiCurve"
105	"18:32:23"	14256.0	0	14.7	0.411	304	7.43	1.77	25.25	6	1.42	1	2.84	25.29	25.25	25.22	400.76	379.71	7.752	16.518	21.11	44.98	500.0	1800	211	88.07	16.1	-0.0462	1.0	-0.22	2.74	1.00	0.00	0.16	111115
106	"18:33:45"	14338.0	0	11	0.412	229	7.46	1.78	25.38	6	1.42	1	2.84	24.75	25.38	24.02	300.97	285.18	7.938	16.739	22.31	47.05	500.1	1800	207	88.07	14.9	-0.0514	1.0	-0.22	2.74	1.00	0.00	0.16	111115
107	"18:34:53"	14406.0	0	6.67	0.413	155	7.37	1.75	25.28	6	1.42	1	2.84	24.23	25.28	23.23	199.22	189.54	8.096	16.796	23.47	48.70	500.0	1800	203	88.07	13.3	-0.0358	1.0	-0.22	2.74	1.00	0.00	0.16	111115
108	"18:36:20"	14492.5	0	2.13	0.414	85	7.22	1.71	25.06	6	1.42	1	2.84	23.77	25.06	22.64	100.53	97.14	8.284	16.801	24.70	50.10	500.1	1799	201	88.07	11.7	-0.0385	1.0	-0.22	2.74	1.00	0.00	0.16	111115
109	"18:37:40"	14573.0	0	-0.275	0.413	48.2	7.12	1.69	24.97	6	1.42	1	2.84	23.70	24.97	22.65	48.54	48.46	8.423	16.820	25.21	50.35	500.1	1799	206	88.07	10.7	-0.0335	1.0	-0.22	2.74	1.00	0.00	0.16	111115
110	"18:39:51"	14703.5	0	14	0.408	310	6.93	1.67	24.85	6	1.42	1	2.84	23.66	24.85	22.65	401.88	381.87	8.672	16.852	26.03	50.59	500.1	1799	217	88.07	16.3	-0.0455	1.0	-0.22	2.74	1.00	0.00	0.16	111115
111	"18:40:52"	14765.0	0	14.2	0.405	307	6.89	1.67	24.89	6	1.42	1	2.84	23.78	24.89	22.85	400.20	380.05	8.786	16.915	26.18	50.41	500.1	1799	213	88.07	16.2	-0.0399	1.0	-0.22	2.74	1.00	0.00	0.16	111115
112	"18:42:56"	14889.0	0	18.2	0.397	476	6.77	1.67	24.91	6	1.42	1	2.84	23.79	24.91	22.85	600.59	574.13	9.022	17.005	26.87	50.64	500.1	1799	210	88.07	18.3	-0.0562	1.0	-0.22	2.74	1.00	0.00	0.16	111115
113	"18:44:40"	14993.0	0	20.4	0.394	656	6.68	1.66	24.91	6	1.42	1	2.84	23.79	24.91	22.85	800.93	770.21	9.210	17.094	27.43	50.92	500.1	1799	223	88.07	20.3	-0.0674	1.0	-0.22	2.74	1.00	0.00	0.16	111115
114	"18:46:51"	15124.0	0	23	0.387	1.02E+03	6.56	1.65	24.93	6	1.42	1	2.84	23.79	24.93	22.85	1200.22	1163.44	9.451	17.191	28.15	51.21	500.1	1800	220	88.07	23.1	-0.0704	1.0	-0.22	2.74	1.00	0.00	0.16	111115
115	"18:48:47"	15239.5	0	24.8	0.383	1.4E+03	6.49	1.65	24.95	6	1.42	1	2.84	23.78	24.95	22.85	1600.36	1558.43	9.636	17.290	28.70	51.50	500.1	1800	218	88.07	25.1	-0.0636	1.0	-0.22	2.74	1.00	0.00	0.16	111115
116	"18:50:16"	15328.5	0	26.4	0.382	1.77E+03	6.46	1.64	24.95	6	1.42	1	2.84	23.78	24.95	22.85	1999.78	1953.03	9.744	17.356	29.03	51.70	500.1	1800	214	88.07	26.1	-0.0638	0.7	-0.22	2.74	1.00	0.00	0.16	111115
"18:51:37 Warning! Large Deltas in match: CO2=10.2, H2O=0.01"
117	"18:51:57"	15430.0	0	13.7	0.378	306	6.38	1.64	24.98	6	1.42	1	2.84	23.78	24.98	22.85	399.80	380.49	9.906	17.429	29.52	51.94	500.1	1800	218	88.07	15.8	-0.0732	0.7	-0.22	2.74	1.00	0.00	0.16	111115
